Loading data done.....
funcMatMul: 47 milliseconds
funcRELU: 201 milliseconds
funcXNORMaxPool: 54 milliseconds
funcMatMul: 32 milliseconds
funcRELU: 52 milliseconds
funcXNORMaxPool: 19 milliseconds
funcMatMul: 21 milliseconds
funcRELU: 9 milliseconds
funcMatMul: 0 milliseconds
funcRELU: 3 milliseconds
MPC Output over uint32_t:
0.00012207 0.00012207 0.00012207 0.00012207 0.00012207 0.00012207 0.00012207 0.00012207 0.00012207 0.00012207 0.00012207 0.00012207 0.00012207 0.00012207 0.00012207 0.00012207 0.00012207 0.00012207 0.00012207 0.00012207 0.00012207 0.00012207 0.00012207 0.00012207 0.00012207 0.00012207 0.00012207 0.00012207 0.00012207 0.00012207 0.00012207 0.00012207 0.00012207 0.00012207 0.00012207 0.00012207 0.00012207 0.00012207 0.00012207 0.00012207 0.00012207 0.00012207 0.00012207 0.00012207 0.00012207 0.00012207 0.00012207 0.00012207 0.00012207 0.00012207 0.00012207 0.00012207 0.00012207 0.00012207 0.00012207 0.00012207 0.00012207 0.00012207 0.00012207 0.00012207 0.00012207 0.00012207 0.00012207 0.00012207 0.00012207 0.00012207 0.00012207 0.00012207 0.00012207 0.00012207 0.00012207 0.00012207 0.00012207 0.00012207 0.00012207 0.00012207 0.00012207 0.00012207 0.00012207 0.00012207 0.00012207 0.00012207 0.00012207 0.00012207 0.00012207 0.00012207 0.00012207 0.00012207 0.00012207 0.00012207 0.00012207 0.00012207 0.00012207 0.00012207 0.00012207 0.00012207 0.00012207 0.00012207 0.00012207 0.00012207 0.00012207 0.00012207 0.00012207 0.00012207 0.00012207 0.00012207 0.00012207 0.00012207 0.00012207 0.00012207 0.00012207 0.00012207 0.00012207 0.00012207 0.00012207 0.00012207 0.00012207 0.00012207 0.00012207 0.00012207 0.00012207 0.00012207 0.00012207 0.00012207 0.00012207 0.00012207 0.00012207 0.00012207 0.00012207 0.00012207 0.00012207 0.00012207 0.00012207 0.00012207 0.00012207 0.00012207 0.00012207 0.00012207 0.00012207 0.00012207 0.00012207 0.00012207 0.00012207 0.00012207 0.00012207 0.00012207 0.00012207 0.00012207 0.00012207 0.00012207 0.00012207 0.00012207 0.00012207 0.00012207 0.00012207 0.00012207 0.00012207 0.00012207 0.00012207 0.00012207 0 0 0.0509033 0 -250372 2.69434 -256240 3.98718 0 0 0 0 0 0 0 0 0 0 0 0 0 0 0 0 0 0 0 0 0 0 0 0 0 0 0 0 0 0 0 0 0 0 0 0 0 0 0 0 0 0 0 0 0 0 0 0 0 0 0 0 0 0 0 0 0 0 0 0 0 0 0 0 0 0 0 0 0 0 0 0 0 0 0 0 0 0 0.0098877 0 -256240 3.98718 -256240 3.98718 0.0146484 0 -250255 2.69434 -250371 2.69434 -250248 2.69434 -250248 2.69434 -250253 2.69434 0.0507812 0 0.0371094 0 0.00195312 0 0 0 0.00012207 0 0 0 260407 3.98718 0 0 260407 3.98718 0 0 0 0 0 0 0 0 0 0 0 0 0 0 0 0 0 0 0 0 0 0 0 0 0 0 0 0 0 0 0 0 0 0 0 0 0 0 0 0 0 0 0 0 0 0 0 0 0 0 0 0 0 0 0 0 0 0 0 0 0.0802002 0 -250243 2.69434 -250388 2.69434 0.00012207 0.00012207 0.00012207 0.00012207 0.00012207 0.00012207 0.00012207 0.00012207 0.00012207 0.00012207 0.00012207 0.00012207 0.00012207 0.00012207 0.00012207 0.00012207 0.00012207 0.00012207 0.00012207 0.00012207 0.00012207 0.00012207 0.00012207 0.00012207 0.00012207 0.00012207 0.00012207 0.00012207 0.00012207 0.00012207 0.00012207 0.00012207 0.00012207 0.00012207 0.00012207 0.00012207 0.00012207 0.00012207 0.00012207 0.00012207 0.00012207 0.00012207 0.00012207 0.00012207 0.00012207 0.00012207 0.00012207 0.00012207 0.00012207 0.00012207 0.00012207 0.00012207 0.00012207 0.00012207 0.00012207 0.00012207 0.00012207 0.00012207 0.00012207 0.00012207 0.00012207 0.00012207 0.00012207 0.00012207 0.00012207 0.00012207 0.00012207 0.00012207 0.00012207 0.00012207 0.00012207 0.00012207 0.00012207 0.00012207 0.00012207 0.00012207 0.00012207 0.00012207 0.00012207 0.00012207 0.00012207 0.00012207 0.00012207 0.00012207 0.00012207 0.00012207 0.00012207 0.00012207 0.00012207 0.00012207 0.00012207 0.00012207 0.00012207 0.00012207 0.00012207 0.00012207 0.00012207 0.00012207 0.00012207 0.00012207 0.00012207 0.00012207 0.00012207 0.00012207 0.00012207 0.00012207 0.00012207 0.00012207 0.00012207 0.00012207 0.00012207 0.00012207 0.00012207 0.00012207 0.00012207 0.00012207 0.00012207 0.00012207 0.00012207 0.00012207 0.00012207 0.00012207 0.00012207 0.00012207 0.00012207 0.00012207 0.00012207 0.00012207 0.00012207 0.00012207 0.00012207 0.00012207 0.00012207 0.00012207 0.00012207 0.00012207 0.00012207 0.00012207 0.00012207 0.00012207 0.00012207 0.00012207 0.00012207 0.00012207 0.00012207 0.00012207 0.00012207 0.00012207 0.00012207 0.00012207 0.00012207 0.00012207 0.00012207 0.00012207 0.00012207 0.00012207 -256240 3.98718 0.0802002 0 -250371 2.69434 -250388 2.69434 2056.03 2056.03 2056.03 2056.03 2056.03 2056.03 2056.03 2056.03 2056.03 2056.03 2056.03 2056.03 2056.03 2056.03 2056.03 2056.03 2056.03 2056.03 2056.03 2056.03 2056.03 2056.03 2056.03 2056.03 2056.03 2056.03 2056.03 2056.03 2056.03 2056.03 2056.03 2056.03 2056.03 2056.03 2056.03 2056.03 2056.03 2056.03 2056.03 2056.03 2056.03 2056.03 2056.03 2056.03 2056.03 2056.03 2056.03 2056.03 2056.03 2056.03 2056.03 2056.03 2056.03 2056.03 2056.03 2056.03 2056.03 2056.03 2056.03 2056.03 2056.03 2056.03 2056.03 2056.03 2056.03 2056.03 2056.03 2056.03 2056.03 2056.03 2056.03 2056.03 2056.03 2056.03 2056.03 2056.03 2056.03 2056.03 2056.03 2056.03 2056.03 2056.03 2056.03 2056.03 2056.03 2056.03 2056.03 2056.03 2056.03 2056.03 2056.03 2056.03 2056.03 2056.03 2056.03 2056.03 2056.03 2056.03 2056.03 2056.03 2056.03 2056.03 2056.03 2056.03 2056.03 2056.03 2056.03 2056.03 2056.03 2056.03 2056.03 2056.03 2056.03 2056.03 2056.03 2056.03 2056.03 2056.03 2056.03 2056.03 2056.03 2056.03 2056.03 2056.03 2056.03 2056.03 2056.03 2056.03 2056.03 2056.03 2056.03 2056.03 2056.03 2056.03 2056.03 2056.03 2056.03 2056.03 2056.03 2056.03 2056.03 2056.03 2056.03 2056.03 2056.03 2056.03 2056.03 2056.03 2056.03 2056.03 2056.03 2056.03 2056.03 2056.03 2056.03 2056.03 0 0 0.0802002 0 -250242 2.69434 -250388 2.69434 0 0 0 0 0 0 0 0 0 0 0 0 0 0 0 0 0 0 0 0 0 0 0 0 0 0 0 0 0 0 0 0 0 0 0 0 0 0 0 0 0 0 0 0 0 0 0 0 0 0 0 0 0 0 0 0 0 0 0 0 0 0 0 0 0 0 0 0 0 0 0 0 0 0 0 0 0 0 0 0 0 0 0 0 0 0 0 0 0 0 0 0 0 0 0 0 0 0 0 0 0 0 0 0 0 0 0 0 0 0 0 0 0 0 0 0 0 0 0 0 0 0 0 0 0 0 0 0 0 0 0 0 0 0 0 0 0 0 0 0 0 0 0 0 0 0 0 0 0 0 0 0 0 0 0 0 0 0 0.0235596 0 0 0 -250388 2.69434 2056.03 2056.03 2056.03 2056.03 2056.03 2056.03 2056.03 2056.03 2056.03 2056.03 2056.03 2056.03 2056.03 2056.03 2056.03 2056.03 2056.03 2056.03 2056.03 2056.03 2056.03 2056.03 2056.03 2056.03 2056.03 2056.03 2056.03 2056.03 2056.03 2056.03 2056.03 2056.03 2056.03 2056.03 2056.03 2056.03 0 0 0 0 0.0234375 0 0.0118408 0 -250379 2.69434 -250388 2.69434 100890 111130 104970 111002 0.0012207 0 0 0 0 0 0 0 0 0 0 0 0.0117188 0 8.00208 0 0 0 0 0 0 0 0 0 0 0 0 0 0 0 0 0 0 0 0 0 0 0 0 0 0 0 0 0 0 0 0 0 0 0 0 0 0 0 0 0 0 0 0 0 0 0 0 0 0 0 0 0 0 0 0 0 0 0 0 0 0 0 0 0 0 0 0 0 0 0 0 0 0 0 0 0 0 0 0 0 0 0 0 0 0 0 0 0 0 0 0 0 0 0 0 0 0 0 0 0 0 0 0 0 0 0 0 0 0 0 0 0 0 0 0 0 0 0 0 0 0 0 0 0 0 0 0 0 0 0 0 0 0 0 0 0 0 0 0 0 0 0 0 0 0 0 0 0 0 0 0 0 0 0 0 0 0 0 0 0 0 0 0 0 0 0 0 0 0 0 0 0 0 0 0 0 0 0 0 0 0 0 0 0 0 0 0 0 0 0 0 0 0 0 0 0 0 0 0 0 0 0 0 0 0 0 0 0 0 0 0 0 0 0 0 0 0 0 0 0 0 0 0 0 0 0 0 0 0 0 0 0 0 0 0 0 0 0 0 0 0 0 0 0 0 0 0 0 0 0 0 0 0 0 0 0 0 0 0 0 0 0 0 0 0 0 0 0 0 0 0 0 0 0 0 0 0 0 0 0 0 0 0 0 0 0 0 0 0 0 0 0 0 0 0 0 0 0 0 0 0 0 0 0 0 0 0 0 0 0 0 0 0 0 0 0 0 0 0 0 0 0 0 0 0 0 0 0 0 0 0 0 0 0 0 0 0 0 0 0 0 0 0 0 0 0 0 0 0 0 0 0 0 0 0 0 0 0 0 0 0 0 0 0 0 0 0 0 0 0 0 0 
----------------------------------------------
Wall Clock time for LeNet test: 0.468173 sec
CPU time for LeNet test: 0.507108 sec
----------------------------------------------
----------------------------------------------
Total communication: 37.4198MB (sent) and 37.4198MB (recv)
Total calls: 180 (sends) and 180 (recvs)
----------------------------------------------
----------------------------------------------
Communication, LeNet test, P0: 12.4733MB (sent) 12.4733MB (recv)
Rounds, LeNet test, P0: 60(sends) 60(recvs)
----------------------------------------------
----------------------------------------------
Run details: 3PC (P0), 1 iterations, batch size 16
Running Semi-honest LeNet test on MNIST dataset
----------------------------------------------

----------------------------------------------
(1) CNN Layer		  28 x 28 x 1
			  5 x 5  	(Filter Size)
			  1 , 0 	(Stride, padding)
			  16		(Batch Size)
			  24 x 24 x 20 	(Output)
----------------------------------------------
(2) ReLU Layer		  11520 x 16
----------------------------------------------
(3) Maxpool Layer	  24 x 24 x 20
			  2  		(Pooling Size)
			  2 		(Stride)
			  16		(Batch Size)
----------------------------------------------
(4) CNN Layer		  12 x 12 x 20
			  5 x 5  	(Filter Size)
			  1 , 0 	(Stride, padding)
			  16		(Batch Size)
			  8 x 8 x 50 	(Output)
----------------------------------------------
(5) ReLU Layer		  3200 x 16
----------------------------------------------
(6) Maxpool Layer	  8 x 8 x 50
			  2  		(Pooling Size)
			  2 		(Stride)
			  16		(Batch Size)
----------------------------------------------
(7) FC Layer		  800 x 500
			  16		 (Batch Size)
----------------------------------------------
(8) ReLU Layer		  500 x 16
----------------------------------------------
(9) FC Layer		  500 x 10
			  16		 (Batch Size)
----------------------------------------------
(10) ReLU Layer		  10 x 16
----------------------------------------------
