Loading data done.....
funcMatMul: 47 milliseconds
funcRELU: 307 milliseconds
funcXNORMaxPool: 76 milliseconds
funcMatMul: 57 milliseconds
funcRELU: 89 milliseconds
funcXNORMaxPool: 30 milliseconds
funcMatMul: 38 milliseconds
funcRELU: 16 milliseconds
funcMatMul: 0 milliseconds
funcRELU: 3 milliseconds
MPC Output over uint32_t:
0.00012207 0.00012207 0.00012207 0.00012207 0.00012207 0.00012207 0.00012207 0.00012207 0.00012207 0.00012207 0.00012207 0.00012207 0.00012207 0.00012207 0.00012207 0.00012207 0.00012207 0.00012207 0.00012207 0.00012207 0.00012207 0.00012207 0.00012207 0.00012207 0.00012207 0.00012207 0.00012207 0.00012207 0.00012207 0.00012207 0.00012207 0.00012207 0.00012207 0.00012207 0.00012207 0.00012207 0.00012207 0.00012207 0.00012207 0.00012207 0.00012207 0.00012207 0.00012207 0.00012207 0.00012207 0.00012207 0.00012207 0.00012207 0.00012207 0.00012207 0.00012207 0.00012207 0.00012207 0.00012207 0.00012207 0.00012207 0.00012207 0.00012207 0.00012207 0.00012207 0.00012207 0.00012207 0.00012207 0.00012207 0.00012207 0.00012207 0.00012207 0.00012207 0.00012207 0.00012207 0.00012207 0.00012207 0.00012207 0.00012207 0.00012207 0.00012207 0.00012207 0.00012207 0.00012207 0.00012207 0.00012207 0.00012207 0.00012207 0.00012207 0.00012207 0.00012207 0.00012207 0.00012207 0.00012207 0.00012207 0.00012207 0.00012207 0.00012207 0.00012207 0.00012207 0.00012207 0.00012207 0.00012207 0.00012207 0.00012207 0.00012207 0.00012207 0.00012207 0.00012207 0.00012207 0.00012207 0.00012207 0.00012207 0.00012207 0.00012207 0.00012207 0.00012207 0.00012207 0.00012207 0.00012207 0.00012207 0.00012207 0.00012207 0.00012207 0.00012207 0.00012207 0.00012207 0.00012207 0.00012207 0.00012207 0.00012207 0.00012207 0.00012207 0.00012207 0.00012207 0.00012207 0.00012207 0.00012207 0.00012207 0.00012207 0.00012207 0.00012207 0.00012207 0.00012207 0.00012207 0.00012207 0.00012207 0.00012207 0.00012207 0.00012207 0.00012207 0.00012207 0.00012207 0.00012207 0.00012207 0.00012207 0.00012207 0.00012207 0.00012207 0.00012207 0.00012207 0.00012207 0.00012207 0.00012207 0.00012207 0.00012207 0.00012207 0.00012207 0.00012207 0.00012207 0.00012207 0.00012207 0.00012207 0.00012207 0.00012207 0.00012207 0.00012207 0.00012207 0.00012207 0.00012207 0.00012207 0.00012207 0.00012207 0.00012207 0.00012207 0.00012207 0.00012207 0.00012207 0.00012207 0.00012207 0.00012207 0.00012207 0.00012207 0.00012207 0.00012207 0.00012207 0.00012207 0.00012207 0.00012207 0.00012207 0.00012207 0.00012207 0.00012207 0.00012207 0.00012207 0.00012207 0.00012207 0.00012207 0.00012207 0.00012207 0.00012207 0.00012207 0.00012207 0.00012207 0.00012207 0.00012207 0.00012207 0.00012207 0.00012207 0.00012207 0.00012207 0.00012207 0.00012207 0.00012207 0.00012207 0.00012207 0.00012207 0.00012207 0.00012207 0.00012207 0.00012207 0.00012207 0.00012207 0.00012207 0.00012207 0.00012207 0.00012207 0.00012207 0.00012207 0.00012207 0.00012207 0.00012207 0.00012207 0.00012207 0.00012207 0.00012207 0.00012207 0.00012207 0.00012207 0.00012207 0.00012207 0.00012207 0.00012207 0.00012207 0.00012207 0.00012207 0.00012207 0.00012207 0.00012207 0.00012207 0.00012207 0.00012207 0.00012207 0.00012207 0.00012207 0.00012207 0.00012207 0.00012207 0.00012207 0.00012207 0.00012207 0.00012207 0.00012207 0.00012207 0.00012207 0.00012207 0.00012207 0.00012207 0.00012207 0.00012207 0.00012207 0.00012207 0.00012207 0.00012207 0.00012207 0.00012207 0.00012207 0.00012207 0.00012207 0.00012207 0.00012207 0.00012207 0.00012207 0.00012207 0.00012207 0.00012207 0.00012207 0.00012207 0.00012207 0.00012207 0.00012207 0.00012207 0.00012207 0.00012207 0.00012207 0.00012207 0.00012207 0.00012207 0.00012207 0.00012207 0.00012207 0.00012207 0.00012207 0.00012207 0.00012207 0.00012207 0.00012207 0.00012207 0.00012207 0.00012207 0.00012207 0.00012207 0.00012207 0.00012207 0.00012207 0.00012207 0 3.60168 0 164901 3.98071 164901 3.98071 0 0 0 0 0.00012207 0.00012207 0.00012207 0.00012207 0.00012207 0.00012207 0.00012207 0.00012207 0.00012207 0.00012207 0.00012207 0.00012207 0.00012207 0.00012207 0.00012207 0.00012207 0.00012207 0.00012207 0.00012207 0.00012207 0.00012207 0.00012207 0.00012207 0.00012207 0.00012207 0.00012207 0.00012207 0.00012207 0.00012207 0.00012207 0.00012207 0.00012207 0.00012207 0.00012207 0.00012207 0.00012207 0.00012207 0.00012207 0.00012207 0.00012207 0.00012207 0.00012207 0.00012207 0.00012207 0.00012207 0.00012207 0.00012207 0.00012207 0.00012207 0.00012207 0.00012207 0.00012207 0.00012207 0.00012207 0.00012207 0.00012207 0.00012207 0.00012207 0.00012207 0.00012207 0.00012207 0.00012207 0.00012207 0.00012207 0.00012207 0.00012207 0.00012207 0.00012207 0.00012207 0.00012207 0.00012207 0.00012207 0.00012207 0.00012207 0.00012207 0.00012207 0.00012207 0.00012207 0.00012207 0.00012207 0.00012207 0.00012207 0.00012207 0.00012207 0.00012207 0.00012207 0.00012207 0.00012207 0.00012207 0.00012207 0.00012207 0.00012207 0.00012207 0.00012207 0.00012207 0.00012207 0.00012207 0.00012207 0.00012207 0.00012207 0.00012207 0.00012207 0.00012207 0.00012207 0.00012207 0.00012207 0.00012207 0.00012207 0.00012207 0.00012207 0.00012207 0.00012207 0.00012207 0.00012207 0.00012207 0.00012207 0.00012207 0.00012207 0.00012207 0.00012207 0.00012207 0.00012207 0.00012207 0.00012207 0.00012207 0.00012207 0.00012207 0.00012207 0.00012207 0.00012207 0.00012207 0.00012207 0.00012207 0.00012207 0.00012207 0.00012207 0.00012207 0.00012207 0.00012207 0.00012207 0.00012207 0.00012207 0.00012207 0.00012207 0.00012207 0.00012207 0.00012207 0.00012207 0.00012207 0.00012207 0.00012207 0.00012207 0.00012207 0.00012207 0.00012207 0.00012207 0.00012207 0.00012207 0.00012207 0.00012207 0.00012207 0.00012207 0.00012207 0.00012207 0.00012207 0.00012207 0.00012207 0.00012207 0.00012207 0.00012207 0.00012207 0.00012207 0.00012207 0.00012207 0.00012207 0.00012207 0.00012207 0.00012207 0.00012207 0.00012207 0.00012207 0.00012207 0.00012207 0.00012207 0.00012207 0.00012207 0.00012207 0.00012207 0.00012207 0.00012207 0.00012207 0.00012207 0.00012207 0.00012207 0.00012207 0.00012207 0.00012207 0.00012207 0.00012207 0.00012207 0.00012207 0.00012207 0.00012207 0.00012207 0.00012207 0.00012207 0.00012207 0.00012207 0.00012207 0.00012207 0.00012207 0.00012207 0.00012207 0.00012207 0.00012207 0.00012207 0.00012207 0.00012207 0.00012207 0.00012207 0.00012207 0.00012207 0.00012207 0.00012207 0.00012207 0.00012207 0.00012207 0.00012207 0.00012207 0.00012207 0.00012207 0.00012207 0.00012207 0.00012207 0.00012207 0.00012207 0.00012207 0.00012207 0.00012207 0.00012207 0.00012207 0.00012207 0.00012207 0.00012207 0.00012207 0.00012207 0.00012207 0.00012207 0.00012207 0.00012207 0.00012207 0.00012207 0.00012207 0.00012207 0.00012207 0.00012207 0.00012207 0.00012207 0.00012207 0.00012207 0.00012207 0.00012207 0.00012207 0.00012207 0.00012207 0.00012207 0.00012207 0.00012207 0.00012207 0.00012207 0.00012207 0.00012207 0.00012207 0.00012207 0.00012207 0.00012207 0.00012207 0.00012207 0.00012207 0.00012207 0.00012207 0.00012207 0.00012207 0.00012207 0.00012207 0.00012207 0.00012207 0.00012207 0.00012207 0.00012207 0.00012207 0.00012207 0.00012207 0.00012207 0.00012207 0.00012207 0.00012207 0.00012207 0.00012207 0.00012207 0.00012207 0.00012207 0.00012207 0.00012207 0.00012207 0.00012207 0.00012207 0.00012207 0.00012207 0.00012207 0.00012207 0.00012207 -80495.6 2.68677 3.44348 0 164901 3.98071 164901 3.98071 0 0 0 0 0 0 0 0 0 0 0 0 0 0 0 0 0 0 0 0 0 0 0 0 0 0 0 0 0 0 0 0 0 0 0 0 0 0 0 0 0 0 0 0 0 0 0 0 0 0 0 0 0 0 0 0 0 0 0 0 0 0 0 0 0 0 0 0 0 0 0 0 0 0 0 0 0 0 0 0 0 0 0 0 0 0 0 0 0 0 0 0 0 0 0 0 0 0 0 0 0 0 0 0 0 0 0 0 0 0 0 0 0 0 0 0 0 0 0 0 0 0 0 0 0 0 0 0 0 0 0 0 0 0 0 0 0 0 0 0 0 0 0 0 0 0 0 0 0 0 0 0 0 0 0 0 0 0 0 0 0 0 0 0 0 0 0 0 0 0 0 0 0 0 0 0 0 0 0 0 0 0 0 0 0 0 0 0 0 0 0 0 0 0 0 0 0 0 0 0 0 0 0 0 0 0 0 0 0 0 0 0 0 0 0 0 0 0 0 0 0 0 0 0 0 0 0 0 0 0 0 0 0 0 0 0 0 0 0 0 0 0 0 0 0 0 0 0 0 0 0 0 0 0 0 0 0 0 0 0 0 0 0 0 0 0 0 0 0 0 0 0 0 0 0 0 0 0 0 0 0 0 0 0 0 0 0 0 0 0 0 0 0 0 0 0 0 0 0 0 0 0 0 0 0 0 0 0 0 0 0 0 0 0 0 0 0 0 3.28528 0 164901 3.98071 164901 3.98071 0 0 0 0 0 0 0 0 0 0 0 0 0 0 0 0 0 0 0 0 0 0 0 0 0 0 0 0 0 0 0 0 0 0 0 0 0 0 0 0 0 0 0 0 0 0 0 0 0 0 0 0 0 0 0 0 0 0 0 0 0 0 0 0 0 0 0 0 0 0 0 0 0 0 0 0 0 0 0 0 0 0 0 0 0 0 0 0 0 0 0 0 0 0 0 0 0 0 0 0 0 0 0 0 0 0 0 0 0 0 0 0 0 0 0 0 0 0 0 0 0 0 0 0 0 0 0 0 0 0 0 0 0 0 0 0 0 0 0 0 0 0 0 0 0 0 0 0 0 0 0 0 0 0 0 0 0 0 0 0 0 0 0 0 0 0 0 0 0 0 0 0 0 0 0 0 0 0 0 0 0 0 0 0 0 0 0 0 0 0 0 0 0 0 0 0 0 0 0 0 0 0 0 0 0 0 0 0 0 0 0 0 0 0 0 0 0 0 0 0 0 0 0 0 0 0 0 0 0 0 0 0 0 0 0 0 0 0 0 0 0 0 0 0 0 0 0 0 0 0 0 0 0 0 0 0 0 0 0 0 0 0 0 0 0 0 0 0 0 0 0 0 0 0 0 0 0 0 0 0 0 0 0 0 0 0 0 0 0 0 0 0 0 0 0 0 0 0 0 0 0 0 0 0 
----------------------------------------------
Wall Clock time for LeNet test: 0.70537 sec
CPU time for LeNet test: 0.760299 sec
----------------------------------------------
----------------------------------------------
Total communication: 74.8397MB (sent) and 74.8397MB (recv)
Total calls: 180 (sends) and 180 (recvs)
----------------------------------------------
----------------------------------------------
Communication, LeNet test, P0: 24.9466MB (sent) 24.9466MB (recv)
Rounds, LeNet test, P0: 60(sends) 60(recvs)
----------------------------------------------
----------------------------------------------
Run details: 3PC (P0), 1 iterations, batch size 32
Running Semi-honest LeNet test on MNIST dataset
----------------------------------------------

----------------------------------------------
(1) CNN Layer		  28 x 28 x 1
			  5 x 5  	(Filter Size)
			  1 , 0 	(Stride, padding)
			  32		(Batch Size)
			  24 x 24 x 20 	(Output)
----------------------------------------------
(2) ReLU Layer		  11520 x 32
----------------------------------------------
(3) Maxpool Layer	  24 x 24 x 20
			  2  		(Pooling Size)
			  2 		(Stride)
			  32		(Batch Size)
----------------------------------------------
(4) CNN Layer		  12 x 12 x 20
			  5 x 5  	(Filter Size)
			  1 , 0 	(Stride, padding)
			  32		(Batch Size)
			  8 x 8 x 50 	(Output)
----------------------------------------------
(5) ReLU Layer		  3200 x 32
----------------------------------------------
(6) Maxpool Layer	  8 x 8 x 50
			  2  		(Pooling Size)
			  2 		(Stride)
			  32		(Batch Size)
----------------------------------------------
(7) FC Layer		  800 x 500
			  32		 (Batch Size)
----------------------------------------------
(8) ReLU Layer		  500 x 32
----------------------------------------------
(9) FC Layer		  500 x 10
			  32		 (Batch Size)
----------------------------------------------
(10) ReLU Layer		  10 x 32
----------------------------------------------
