Loading data done.....
funcMatMul: 142 milliseconds
funcRELU: 1083 milliseconds
funcXNORMaxPool: 266 milliseconds
funcMatMul: 237 milliseconds
funcRELU: 294 milliseconds
funcXNORMaxPool: 110 milliseconds
funcMatMul: 61 milliseconds
funcRELU: 50 milliseconds
funcMatMul: 3 milliseconds
funcRELU: 10 milliseconds
MPC Output over uint32_t:
0.00012207 0.00012207 0.00012207 0.00012207 0.00012207 0.00012207 0.00012207 0.00012207 0.00012207 0.00012207 0.00012207 0.00012207 0.00012207 0.00012207 0.00012207 0.00012207 0.00012207 0.00012207 0.00012207 0.00012207 0.00012207 0.00012207 0.00012207 0.00012207 0.00012207 0.00012207 0.00012207 0.00012207 0.00012207 0.00012207 0.00012207 0.00012207 0.00012207 0.00012207 0.00012207 0.00012207 0.00012207 0.00012207 0.00012207 0.00012207 0.00012207 0.00012207 0.00012207 0.00012207 0.00012207 0.00012207 0.00012207 0.00012207 0.00012207 0.00012207 0.00012207 0.00012207 0.00012207 0.00012207 0.00012207 0.00012207 0.00012207 0.00012207 0.00012207 0.00012207 0.00012207 0.00012207 0.00012207 0.00012207 0.00012207 0.00012207 0.00012207 0.00012207 0.00012207 0.00012207 0.00012207 0.00012207 0.00012207 0.00012207 0.00012207 0.00012207 0.00012207 0.00012207 0.00012207 0.00012207 0.00012207 0.00012207 0.00012207 0.00012207 0.00012207 0.00012207 0.00012207 0.00012207 0.00012207 0.00012207 0.00012207 0.00012207 0.00012207 0.00012207 0.00012207 0.00012207 0.00012207 0.00012207 0.00012207 0.00012207 0.00012207 0.00012207 0.00012207 0.00012207 0.00012207 0.00012207 0.00012207 0.00012207 0.00012207 0.00012207 0.00012207 0.00012207 0.00012207 0.00012207 0.00012207 0.00012207 0.00012207 0.00012207 0.00012207 0.00012207 0.00012207 0.00012207 0.00012207 0.00012207 0.00012207 0.00012207 0.00012207 0.00012207 0.00012207 0.00012207 0.00012207 0.00012207 0.00012207 0.00012207 0.00012207 0.00012207 0.00012207 0.00012207 0.00012207 0.00012207 0.00012207 0.00012207 0.00012207 0.00012207 0.00012207 0.00012207 0.00012207 0.00012207 0.00012207 0.00012207 0.00012207 0.00012207 0.00012207 0.00012207 0.00012207 0.00012207 0.00012207 0.00012207 0.00012207 0.00012207 0.00012207 0.00012207 0.00012207 0.00012207 0.00012207 0.00012207 0.00012207 0.00012207 0.00012207 0.00012207 0.00012207 0.00012207 0.00012207 0.00012207 0.00012207 0.00012207 0.00012207 0.00012207 0.00012207 0.00012207 0.00012207 0.00012207 0.00012207 0.00012207 0.00012207 0.00012207 0.00012207 0.00012207 0.00012207 0.00012207 0.00012207 0.00012207 0.00012207 0.00012207 0.00012207 0.00012207 0.00012207 0.00012207 0.00012207 0.00012207 0.00012207 0.00012207 0.00012207 0.00012207 0.00012207 0.00012207 0.00012207 0.00012207 0.00012207 0.00012207 0.00012207 0.00012207 0.00012207 0.00012207 0.00012207 0.00012207 0.00012207 0.00012207 0.00012207 0.00012207 0.00012207 0.00012207 0.00012207 0.00012207 0.00012207 0.00012207 0.00012207 0.00012207 0.00012207 0.00012207 0.00012207 0.00012207 0.00012207 0.00012207 0.00012207 0.00012207 0.00012207 0.00012207 0.00012207 0.00012207 0.00012207 0.00012207 0.00012207 0.00012207 0.00012207 0.00012207 0.00012207 0.00012207 0.00012207 0.00012207 0.00012207 0.00012207 0.00012207 0.00012207 0.00012207 0.00012207 0.00012207 0.00012207 0.00012207 0.00012207 0.00012207 0.00012207 0.00012207 0.00012207 0.00012207 0.00012207 0.00012207 0.00012207 0.00012207 0.00012207 0.00012207 0.00012207 0.00012207 0.00012207 0.00012207 0.00012207 0.00012207 0.00012207 0.00012207 0.00012207 0.00012207 0.00012207 0.00012207 0.00012207 0.00012207 0.00012207 0.00012207 0.00012207 0.00012207 0.00012207 0.00012207 0.00012207 0.00012207 0.00012207 0.00012207 0.00012207 0.00012207 0.00012207 0.00012207 0.00012207 0.00012207 0.00012207 0.00012207 0.00012207 0.00012207 0.00012207 0.00012207 0.00012207 0.00012207 0.00012207 0.00012207 0.00012207 0.00012207 0.00012207 0.00012207 0.00012207 0.00012207 0.00012207 0.00012207 0.00012207 0.00012207 0.00012207 0.00012207 0.00012207 0.00012207 0.00012207 0.00012207 0.00012207 0.00012207 0.00012207 0.00012207 0.00012207 0.00012207 0.00012207 0.00012207 0.00012207 0.00012207 0.00012207 0.00012207 0.00012207 0.00012207 0.00012207 0.00012207 0.00012207 0.00012207 0.00012207 0.00012207 0.00012207 0.00012207 0.00012207 0.00012207 0.00012207 0.00012207 0.00012207 0.00012207 0.00012207 0.00012207 0.00012207 0.00012207 0.00012207 0.00012207 0.00012207 0.00012207 0.00012207 0.00012207 0.00012207 0.00012207 0.00012207 0.00012207 0.00012207 0.00012207 0.00012207 0.00012207 0.00012207 0.00012207 0.00012207 0.00012207 0.00012207 0.00012207 0.00012207 0.00012207 0.00012207 0.00012207 0.00012207 0.00012207 0.00012207 0.00012207 0.00012207 0.00012207 0.00012207 0.00012207 0.00012207 0.00012207 0.00012207 0.00012207 0.00012207 0.00012207 0.00012207 0.00012207 0.00012207 0.00012207 0.00012207 0.00012207 0.00012207 0.00012207 0.00012207 0.00012207 0.00012207 0.00012207 0.00012207 0.00012207 0.00012207 0.00012207 0.00012207 0.00012207 0.00012207 0.00012207 0.00012207 0.00012207 0.00012207 0.00012207 0.00012207 0.00012207 0.00012207 0.00012207 0.00012207 0.00012207 0.00012207 0.00012207 0.00012207 0.00012207 0.00012207 0.00012207 0.00012207 0.00012207 0.00012207 0.00012207 0.00012207 0.00012207 0.00012207 0.00012207 0.00012207 0.00012207 0.00012207 0.00012207 0.00012207 0.00012207 0.00012207 0.00012207 0.00012207 0.00012207 0.00012207 0.00012207 0.00012207 0.00012207 0.00012207 0.00012207 0.00012207 0.00012207 0.00012207 0.00012207 0.00012207 0.00012207 0.00012207 0.00012207 0.00012207 0.00012207 0.00012207 0.00012207 0.00012207 0.00012207 0.00012207 0.00012207 0.00012207 0.00012207 0.00012207 0.00012207 0.00012207 0.00012207 0.00012207 0.00012207 0.00012207 0.00012207 0.00012207 0.00012207 0.00012207 0.00012207 0.00012207 0.00012207 0.00012207 0.00012207 0.00012207 0.00012207 0.00012207 0.00012207 0.00012207 0.00012207 0.00012207 0.00012207 0.00012207 0.00012207 0.00012207 0.00012207 0.00012207 0.00012207 0.00012207 0.00012207 0.00012207 0.00012207 0.00012207 0.00012207 0.00012207 0.00012207 0.00012207 0.00012207 0.00012207 0.00012207 0.00012207 0.00012207 0.00012207 0.00012207 0.00012207 0.00012207 0.00012207 0.00012207 0.00012207 0.00012207 0.00012207 0.00012207 0.00012207 0.00012207 0.00012207 0.00012207 0.00012207 0.00012207 0.00012207 0.00012207 0.00012207 0.00012207 0.00012207 0.00012207 0.00012207 0.00012207 0.00012207 0.00012207 0.00012207 0.00012207 0.00012207 0.00012207 0.00012207 0.00012207 0.00012207 0.00012207 0.00012207 0.00012207 0.00012207 0.00012207 0.00012207 0.00012207 0.00012207 0.00012207 0.00012207 0.00012207 0.00012207 0.00012207 0.00012207 0.00012207 0.00012207 0.00012207 0.00012207 0.00012207 0.00012207 0.00012207 0.00012207 0.00012207 0.00012207 0.00012207 0.00012207 0.00012207 0.00012207 0.00012207 0.00012207 0.00012207 0.00012207 0.00012207 0.00012207 0.00012207 0.00012207 0.00012207 0.00012207 0.00012207 0.00012207 0.00012207 0.00012207 0.00012207 0.00012207 0.00012207 0.00012207 0.00012207 0.00012207 0.00012207 0.00012207 0.00012207 0.00012207 0.00012207 0.00012207 0.00012207 0.00012207 0.00012207 0.00012207 0.00012207 0.00012207 0.00012207 0.00012207 0.00012207 0.00012207 0.00012207 0.00012207 0.00012207 0.00012207 0.00012207 0.00012207 0.00012207 0.00012207 0.00012207 0.00012207 0.00012207 0.00012207 0.00012207 0.00012207 0.00012207 0.00012207 0.00012207 0.00012207 0.00012207 0.00012207 0.00012207 0.00012207 0.00012207 0.00012207 0.00012207 0.00012207 0.00012207 0.00012207 0.00012207 0.00012207 0.00012207 0.00012207 0.00012207 0.00012207 0.00012207 0.00012207 0.00012207 0.00012207 0.00012207 0.00012207 0.00012207 0.00012207 0.00012207 0.00012207 0.00012207 0.00012207 0.00012207 0.00012207 0.00012207 0.00012207 0.00012207 0.00012207 0.00012207 0.00012207 0.00012207 0.00012207 0.00012207 0.00012207 0.00012207 0.00012207 0.00012207 0.00012207 0.00012207 0.00012207 0.00012207 0.00012207 0.00012207 0.00012207 0.00012207 0.00012207 0.00012207 0.00012207 0.00012207 0.00012207 0.00012207 0.00012207 0.00012207 0.00012207 0.00012207 0.00012207 0.00012207 0.00012207 0.00012207 0.00012207 0.00012207 0.00012207 0.00012207 0.00012207 0.00012207 0.00012207 0.00012207 0.00012207 0.00012207 0.00012207 0.00012207 0.00012207 0.00012207 0.00012207 0.00012207 0.00012207 0.00012207 0.00012207 0.00012207 0.00012207 0.00012207 0.00012207 0.00012207 0.00012207 0.00012207 0.00012207 0.00012207 0.00012207 0.00012207 0.00012207 0.00012207 0.00012207 0.00012207 0.00012207 0.00012207 0.00012207 0.00012207 0.00012207 0.00012207 0.00012207 0.00012207 0.00012207 0.00012207 0.00012207 0.00012207 0.00012207 0.00012207 0.00012207 0.00012207 0.00012207 0.00012207 0.00012207 0.00012207 0.00012207 0.00012207 0.00012207 0.00012207 0.00012207 0.00012207 0.00012207 0.00012207 0.00012207 0.00012207 0.00012207 0.00012207 0.00012207 0.00012207 0.00012207 0.00012207 0.00012207 0.00012207 0.00012207 0.00012207 0.00012207 0.00012207 0.00012207 0.00012207 0.00012207 0.00012207 0.00012207 0.00012207 0.00012207 0.00012207 0.00012207 0.00012207 0.00012207 0.00012207 0.00012207 0.00012207 0.00012207 0.00012207 0.00012207 0.00012207 0.00012207 0.00012207 0.00012207 0.00012207 0.00012207 0.00012207 0.00012207 0.00012207 0.00012207 0.00012207 0.00012207 0.00012207 0.00012207 0.00012207 0.00012207 0.00012207 0.00012207 0.00012207 0.00012207 0.00012207 0.00012207 0.00012207 0.00012207 0.00012207 0.00012207 0.00012207 0.00012207 0.00012207 0.00012207 0.00012207 0.00012207 0.00012207 0.00012207 0.00012207 0.00012207 0.00012207 0.00012207 0.00012207 0.00012207 0.00012207 0.00012207 0.00012207 0.00012207 0.00012207 0.00012207 0.00012207 0.00012207 0.00012207 0.00012207 0.00012207 0.00012207 0.00012207 0.00012207 0.00012207 0.00012207 0.00012207 0.00012207 0.00012207 0.00012207 0.00012207 0.00012207 0.00012207 0.00012207 0.00012207 0.00012207 0.00012207 0.00012207 0.00012207 0.00012207 0.00012207 0.00012207 0.00012207 0.00012207 0.00012207 0.00012207 0.00012207 0.00012207 0.00012207 0.00012207 0.00012207 0.00012207 0.00012207 0.00012207 0.00012207 0.00012207 0.00012207 0.00012207 0.00012207 0.00012207 0.00012207 0.00012207 0.00012207 0.00012207 0.00012207 0.00012207 0.00012207 0.00012207 0.00012207 0.00012207 0.00012207 0.00012207 0.00012207 0.00012207 0.00012207 0.00012207 0.00012207 0.00012207 0.00012207 0.00012207 0.00012207 0.00012207 0.00012207 0.00012207 0.00012207 0.00012207 0.00012207 0.00012207 0.00012207 0.00012207 0.00012207 0.00012207 0.00012207 0.00012207 0.00012207 0.00012207 0.00012207 0.00012207 0.00012207 0.00012207 0.00012207 0.00012207 0.00012207 0.00012207 0.00012207 0.00012207 0.00012207 0.00012207 0.00012207 0.00012207 0.00012207 0.00012207 0.00012207 0.00012207 0.00012207 0.00012207 0.00012207 0.00012207 0.00012207 0.00012207 0.00012207 0.00012207 0.00012207 0.00012207 0.00012207 0.00012207 0.00012207 0.00012207 0.00012207 0.00012207 0.00012207 0.00012207 0.00012207 0.00012207 0.00012207 0.00012207 0.00012207 0.00012207 0.00012207 0.00012207 0.00012207 0.00012207 0.00012207 0.00012207 0.00012207 0.00012207 0.00012207 0.00012207 0.00012207 0.00012207 0.00012207 0.00012207 0.00012207 0.00012207 0.00012207 0.00012207 0.00012207 0.00012207 0.00012207 0.00012207 0.00012207 0.00012207 0.00012207 0.00012207 0.00012207 0.00012207 0.00012207 0.00012207 0.00012207 0.00012207 0.00012207 0.00012207 0.00012207 0.00012207 0.00012207 0.00012207 0.00012207 0.00012207 0.00012207 0.00012207 0.00012207 0.00012207 0.00012207 0.00012207 0.00012207 0.00012207 0.00012207 0.00012207 0.00012207 0.00012207 0.00012207 0.00012207 0.00012207 0.00012207 0.00012207 0.00012207 0.00012207 0.00012207 0.00012207 0.00012207 0.00012207 0.00012207 0.00012207 0.00012207 0.00012207 0.00012207 0.00012207 0.00012207 0.00012207 0.00012207 0.00012207 0.00012207 0.00012207 0.00012207 0.00012207 0.00012207 0.00012207 0.00012207 0.00012207 0.00012207 0.00012207 0.00012207 0.00012207 0.00012207 0.00012207 0.00012207 0.00012207 0.00012207 0.00012207 0.00012207 0.00012207 0.00012207 0.00012207 0.00012207 0.00012207 0.00012207 0.00012207 0.00012207 0.00012207 0.00012207 0.00012207 0.00012207 0.00012207 0.00012207 0.00012207 0.00012207 0.00012207 0.00012207 0.00012207 0.00012207 0.00012207 0.00012207 0.00012207 0.00012207 0.00012207 0.00012207 0.00012207 0.00012207 0.00012207 0.00012207 0.00012207 0.00012207 0.00012207 0.00012207 0.00012207 0.00012207 0.00012207 0.00012207 0.00012207 0.00012207 0.00012207 0.00012207 0.00012207 0.00012207 0.00012207 0.00012207 0.00012207 0.00012207 0.00012207 0.00012207 0.00012207 0.00012207 0.00012207 0.00012207 0.00012207 0.00012207 0.00012207 0.00012207 0.00012207 0.00012207 0.00012207 0.00012207 0.00012207 0.00012207 0.00012207 0.00012207 0.00012207 0.00012207 0.00012207 0.00012207 0.00012207 0.00012207 0.00012207 0.00012207 0.00012207 0.00012207 0.00012207 0.00012207 0.00012207 0.00012207 0.00012207 0.00012207 0.00012207 0.00012207 0.00012207 0.00012207 0.00012207 0.00012207 0.00012207 0.00012207 0.00012207 0.00012207 0.00012207 0.00012207 0.00012207 0.00012207 0.00012207 0.00012207 0.00012207 0.00012207 0.00012207 0.00012207 0.00012207 0.00012207 0.00012207 0.00012207 0.00012207 0.00012207 0.00012207 0.00012207 0.00012207 0.00012207 0.00012207 0.00012207 0.00012207 0.00012207 0.00012207 0.00012207 0.00012207 0.00012207 0.00012207 0.00012207 0.00012207 0.00012207 0.00012207 0.00012207 0.00012207 0.00012207 0.00012207 0.00012207 0.00012207 0.00012207 0.00012207 0.00012207 0.00012207 0.00012207 0.00012207 0.00012207 0.00012207 0.00012207 0.00012207 0.00012207 0.00012207 0.00012207 0.00012207 0.00012207 0.00012207 0.00012207 0.00012207 0.00012207 0.00012207 0.00012207 0.00012207 0.00012207 0.00012207 0.00012207 0.00012207 0.00012207 0.00012207 0.00012207 0.00012207 0.00012207 0.00012207 0.00012207 0.00012207 0.00012207 0.00012207 0.00012207 0.00012207 0.00012207 0.00012207 0.00012207 0.00012207 0.00012207 0.00012207 0.00012207 0.00012207 0.00012207 0.00012207 0.00012207 0.00012207 0.00012207 0.00012207 0.00012207 0.00012207 0.00012207 0.00012207 0.00012207 0.00012207 0.00012207 0.00012207 0.00012207 0.00012207 0.00012207 0.00012207 0.00012207 0.00012207 0.00012207 0.00012207 0.00012207 0.00012207 0.00012207 0.00012207 0.00012207 0.00012207 0.00012207 0.00012207 0.00012207 0.00012207 0.00012207 0.00012207 0.00012207 0.00012207 0.00012207 0.00012207 0.00012207 0.00012207 0.00012207 0.00012207 0.00012207 0.00012207 0.00012207 0.00012207 0.00012207 0.00012207 0.00012207 0.00012207 0.00012207 
----------------------------------------------
Wall Clock time for LeNet test: 2.34942 sec
CPU time for LeNet test: 2.69742 sec
----------------------------------------------
----------------------------------------------
Total communication: 299.359MB (sent) and 299.359MB (recv)
Total calls: 180 (sends) and 180 (recvs)
----------------------------------------------
----------------------------------------------
Communication, LeNet test, P0: 99.7862MB (sent) 99.7862MB (recv)
Rounds, LeNet test, P0: 60(sends) 60(recvs)
----------------------------------------------
----------------------------------------------
Run details: 3PC (P0), 1 iterations, batch size 128
Running Semi-honest LeNet test on MNIST dataset
----------------------------------------------

----------------------------------------------
(1) CNN Layer		  28 x 28 x 1
			  5 x 5  	(Filter Size)
			  1 , 0 	(Stride, padding)
			  128		(Batch Size)
			  24 x 24 x 20 	(Output)
----------------------------------------------
(2) ReLU Layer		  11520 x 128
----------------------------------------------
(3) Maxpool Layer	  24 x 24 x 20
			  2  		(Pooling Size)
			  2 		(Stride)
			  128		(Batch Size)
----------------------------------------------
(4) CNN Layer		  12 x 12 x 20
			  5 x 5  	(Filter Size)
			  1 , 0 	(Stride, padding)
			  128		(Batch Size)
			  8 x 8 x 50 	(Output)
----------------------------------------------
(5) ReLU Layer		  3200 x 128
----------------------------------------------
(6) Maxpool Layer	  8 x 8 x 50
			  2  		(Pooling Size)
			  2 		(Stride)
			  128		(Batch Size)
----------------------------------------------
(7) FC Layer		  800 x 500
			  128		 (Batch Size)
----------------------------------------------
(8) ReLU Layer		  500 x 128
----------------------------------------------
(9) FC Layer		  500 x 10
			  128		 (Batch Size)
----------------------------------------------
(10) ReLU Layer		  10 x 128
----------------------------------------------
