Loading data done.....
funcMatMul: 23 milliseconds
funcRELU: 28 milliseconds
funcXNORMaxPool: 7 milliseconds
funcMatMul: 6 milliseconds
funcRELU: 6 milliseconds
funcXNORMaxPool: 4 milliseconds
funcMatMul: 7 milliseconds
funcRELU: 4 milliseconds
funcMatMul: 0 milliseconds
funcRELU: 3 milliseconds
MPC Output over uint32_t:
0.00012207 0.00012207 0.00012207 0.00012207 0.00012207 0.00012207 0.00012207 0.00012207 0.00012207 0.00012207 0.00598145 0 0 0 -245760 3.98486 0.00012207 0 -247991 3.99963 236711 2.66833 0.0684814 0 0 0 240402 2.66833 0 0 0 0 0 0 0 0 0 0 0 0 0 0 0 0 0 0 0 0 0 0 -205707 3.98486 -0.00012207 0 0 0 0 0 240412 2.66833 -0.00012207 -0.00012207 0 0 240412 2.66833 0 0 0 0 0 0 -0.00012207 0 0 0 0 0 -205709 3.98486 0 0 0 0 0 0 0 0 0 0 0 0 0 0 0 0 0 0 0 0 0 0 0 0 0 0 0 0 0 0 0 0 0 0 0 0 0 0 0 0 0 0 0 0 0 0 0 0 0 0 0 0 0 0 0 0 0 0 0 0 0 0 0 0 0 0 0 0 0 0 0 0 0 0 0 0 0 0 0 0 -205710 3.98486 0.00402832 0 8.00012 8.00012 8.00012 8.00012 8.00012 0 0.00402832 0 240432 2.66833 0 0 0 3.90649 0.00598145 0 0 0 240402 2.66833 0.00012207 0 -247991 3.99963 236711 2.66833 0.0098877 0 240428 2.66833 240429 2.66833 240429 2.66833 240411 2.66833 240411 2.66833 240411 2.66833 240420 2.66833 240420 2.66833 240420 2.66833 0.0177002 0 240428 2.66833 240428 2.66833 240428 2.66833 240428 2.66833 240428 2.66833 240428 2.66833 240428 2.66833 240428 2.66833 240428 2.66833 240428 2.66833 0 0 0 0 0 0 0 0 0 0 0 0 0 0 0.0333252 0 0 0 240402 2.66833 0 0 0 0 0 0 0 0 0 0 0 0 0 0 0 0 0 0 0 0 0 0 0 0 0 0 0 0 0 0 0 0 0 0 0 0 0 0 0 0 0 0 0 0 0 0 0 0 0 0 0 0 0 0 0 0 0 0 0 0 0 0 0.0645752 0 0 0 240402 2.66833 0 0 0 0 0 0 0 0 0 0 0 0 0 0 0 0 0 0 0 0 0 0 0 0 0 0 0 0 0 0 0 0 0 0 0 0 0 0 0 0 0 0 0 0 0 0 0 0 0 0 0 0 0 0 0 0 0 0 0 0 0 0 0 0 0 0 0 0 0 0 0 0 0 0 0 0 0 0 0 0 0 0 0 0 0 0 0 0 0 0 0 0 0 0 0 0 0 0 0 0 0 0 0 0 0 0 0 0 0 0 0 0 0 0 0 0 0 0 0 0 0 0 0 0 0 0 0.127075 0 0 0 0 0 0 0 0 0 0 0 0 0 0 0 0 0 0 0 0 0 0 0 0 0 0 0 0 0 0 0 0 0 0 0 0 0 0 0 0 0 0 0 0 0 0 0 0 0 0 0 0 0 0 0 0 0 0 0 0 0 0 0 0 0 0 0 0 0 0 0 0 0 0 0 0 0 0 0 0 0 0 0 0 0 0 0 0 0 0 0 0 0 0 0 0 0 0 0 0 0 0 0 0 0 0 0 0 0 0 0 0 0 0 0 0 0 0 0 0 0 0 0 0 0 0 0 0 0 0 0 0 0 0 0 0 0 0 0 0 0 0 0 0 0 0 0 0 0 0 0 0 0 0 0 0 0 0 0 0 0 0 0 0 0 0 0 0 0 0 0 0 0 0 0 0 0 0 0 0 0 0 0 0 0 0 0 0 0 0 0 0 0 0 0 0 0 0 0 0 0 0 0 0 0 0 0 0 0 0 0 0 0 0 0 0 0 0 0 0 0 0 0 0 0 0 0 0 0 0 0 0 0 0 0 0 0 0 0 0 0 0 0 0 0 0 0 0 0 0 0 0 0 0 0 0 0 0 0 0.127075 0 0 0 0 0 0 0 0 0 0 0 0 0 0 0 0 0 0 0 0 0 0 0 0 0 0 0 0 0 0 0 0 0 0 0 0 0 0 0 0 0 0 0 0 0 0 0 0 0 0 0 0 0 0 0 0 0 0 0 0 0 0 0 0 0 0 0 0 0 0 0 0 0 0 0 0 0 0 0 0 0 0 0 0 0 0 0 0 0 0 0 0 0 0 0 0 0 0 0 0 0 0 0 0 0 0 0 0 0 0 0 0 0 0 0 0 0 0 0 0 0 0 0 0 0 0 0 0 0 0 0 0 0 0 0 0 0 0 0 0 0 0 0 0 0 0 0 0 0 0 0 0 0 0 0 0 0 0 0 0 0 0 0 0 0 0 0 0 0 0 0 0 0 0 0 0 0 0 0 0 0 0 0 0 0 0 0 0 0 0 0 0 0 0 0 0 0 0 0 0 0 0 0 0 0 0 0 0 0 0 0 0 0 0 0 0 0 0 0 0 0 0 0 0 0 0 0 0 0 0 0 0 0 0 0 0 0 0 0 0 0 0 0 0 0 0 0 0 0 0 0 0 0 0 0 0 0 0 0 2.81458 0 8.00012 8.00012 8.00012 8.00012 8.00012 8.00012 8.00012 8.00012 8.00012 8.00012 8.00012 8.00012 8.00012 8.00012 8.00012 8.00012 8.00012 8.00012 8.00012 8.00012 8.00012 8.00012 8.00012 8.00012 8.00012 8.00012 8.00012 8.00012 8.00012 8.00012 8.00012 8.00012 8.00012 8.00012 8.00012 8.00012 8.00012 8.00012 8.00012 8.00012 8.00012 8.00012 8.00012 8.00012 8.00012 8.00012 8.00012 8.00012 8.00012 8.00012 8.00012 8.00012 8.00012 8.00012 8.00012 8.00012 8.00012 8.00012 8.00012 8.00012 8.00012 8.00012 8.00012 8.00012 8.00012 8.00012 8.00012 8.00012 8.00012 8.00012 8.00012 8.00012 8.00012 8.00012 8.00012 8.00012 8.00012 8.00012 8.00012 8.00012 8.00012 8.00012 8.00012 8.00012 8.00012 8.00012 8.00012 8.00012 8.00012 8.00012 8.00012 8.00012 8.00012 8.00012 8.00012 8.00012 8.00012 8.00012 8.00012 8.00012 8.00012 8.00012 8.00012 8.00012 8.00012 8.00012 8.00012 8.00012 8.00012 8.00012 8.00012 8.00012 8.00012 8.00012 8.00012 8.00012 8.00012 8.00012 8.00012 8.00012 8.00012 8.00012 8.00012 8.00012 8.00012 8.00012 8.00012 8.00012 8.00012 8.00012 8.00012 8.00012 8.00012 8.00012 8.00012 8.00012 8.00012 8.00012 8.00012 8.00012 8.00012 8.00012 8.00012 8.00012 8.00012 8.00012 8.00012 8.00012 8.00012 8.00012 8.00012 8.00012 8.00012 8.00012 8.00012 8.00012 8.00012 8.00012 8.00012 8.00012 8.00012 8.00012 8.00012 8.00012 8.00012 8.00012 8.00012 8.00012 8.00012 8.00012 8.00012 8.00012 8.00012 8.00012 8.00012 8.00012 8.00012 8.00012 8.00012 8.00012 8.00012 8.00012 8.00012 8.00012 8.00012 8.00012 8.00012 8.00012 8.00012 8.00012 8.00012 8.00012 8.00012 8.00012 8.00012 8.00012 8.00012 8.00012 8.00012 8.00012 8.00012 8.00012 8.00012 8.00012 8.00012 8.00012 8.00012 8.00012 8.00012 8.00012 8.00012 8.00012 8.00012 8.00012 8.00012 8.00012 8.00012 8.00012 8.00012 8.00012 8.00012 8.00012 8.00012 8.00012 8.00012 8.00012 8.00012 8.00012 8.00012 8.00012 8.00012 8.00012 8.00012 8.00012 8.00012 8.00012 8.00012 8.00012 8.00012 8.00012 8.00012 8.00012 8.00012 8.00012 8.00012 8.00012 8.00012 8.00012 8.00012 8.00012 8.00012 8.00012 8.00012 8.00012 8.00012 8.00012 8.00012 8.00012 8.00012 8.00012 8.00012 8.00012 8.00012 8.00012 8.00012 8.00012 8.00012 8.00012 8.00012 8.00012 8.00012 8.00012 8.00012 8.00012 8.00012 8.00012 8.00012 8.00012 8.00012 8.00012 8.00012 8.00012 8.00012 8.00012 8.00012 8.00012 8.00012 8.00012 8.00012 8.00012 8.00012 8.00012 8.00012 8.00012 8.00012 8.00012 8.00012 8.00012 8.00012 8.00012 8.00012 8.00012 8.00012 8.00012 8.00012 8.00012 8.00012 8.00012 8.00012 8.00012 8.00012 8.00012 
----------------------------------------------
Wall Clock time for LeNet test: 0.0958844 sec
CPU time for LeNet test: 0.076203 sec
----------------------------------------------
----------------------------------------------
Total communication: 2.33874MB (sent) and 2.33874MB (recv)
Total calls: 180 (sends) and 180 (recvs)
----------------------------------------------
----------------------------------------------
Communication, LeNet test, P0: 0.77958MB (sent) 0.77958MB (recv)
Rounds, LeNet test, P0: 60(sends) 60(recvs)
----------------------------------------------
----------------------------------------------
Run details: 3PC (P0), 1 iterations, batch size 1
Running Semi-honest LeNet test on MNIST dataset
----------------------------------------------

----------------------------------------------
(1) CNN Layer		  28 x 28 x 1
			  5 x 5  	(Filter Size)
			  1 , 0 	(Stride, padding)
			  1		(Batch Size)
			  24 x 24 x 20 	(Output)
----------------------------------------------
(2) ReLU Layer		  11520 x 1
----------------------------------------------
(3) Maxpool Layer	  24 x 24 x 20
			  2  		(Pooling Size)
			  2 		(Stride)
			  1		(Batch Size)
----------------------------------------------
(4) CNN Layer		  12 x 12 x 20
			  5 x 5  	(Filter Size)
			  1 , 0 	(Stride, padding)
			  1		(Batch Size)
			  8 x 8 x 50 	(Output)
----------------------------------------------
(5) ReLU Layer		  3200 x 1
----------------------------------------------
(6) Maxpool Layer	  8 x 8 x 50
			  2  		(Pooling Size)
			  2 		(Stride)
			  1		(Batch Size)
----------------------------------------------
(7) FC Layer		  800 x 500
			  1		 (Batch Size)
----------------------------------------------
(8) ReLU Layer		  500 x 1
----------------------------------------------
(9) FC Layer		  500 x 10
			  1		 (Batch Size)
----------------------------------------------
(10) ReLU Layer		  10 x 1
----------------------------------------------
