Loading data done.....
funcMatMul: 283 milliseconds
funcRELU: 875 milliseconds
funcXNORMaxPool: 422 milliseconds
funcMatMul: 59 milliseconds
funcRELU: 440 milliseconds
funcXNORMaxPool: 363 milliseconds
funcMatMul: 35 milliseconds
funcRELU: 345 milliseconds
funcMatMul: 18 milliseconds
funcRELU: 336 milliseconds
MPC Output over uint32_t:
0.00012207 0.00012207 0.00012207 0.00012207 0.00012207 0.00012207 0.00012207 0.00012207 0.00012207 0.00012207 0.00012207 0.00012207 0.00012207 0.00012207 0.00012207 0.00012207 0.00012207 0.00012207 0.00012207 0.00012207 0.00012207 0.00012207 0.00012207 0.00012207 0.00012207 0.00012207 0.00012207 0.00012207 0.00012207 0.00012207 0.00012207 0.00012207 0.00012207 0.00012207 0.00012207 0.00012207 0.00012207 0.00012207 0.00012207 0.00012207 0.00012207 0.00012207 0.00012207 0.00012207 0.00012207 0.00012207 0.00012207 0.00012207 0.00012207 0.00012207 0.00012207 0.00012207 0.00012207 0.00012207 0.00012207 0.00012207 0.00012207 0.00012207 0.00012207 0.00012207 0.00012207 0.00012207 0.00012207 0.00012207 0.00012207 0.00012207 0.00012207 0.00012207 0.00012207 0.00012207 0.00012207 0.00012207 0.00012207 0.00012207 0.00012207 0.00012207 0.00012207 0.00012207 0.00012207 0.00012207 0.00012207 0.00012207 0.00012207 0.00012207 0.00012207 0.00012207 0.00012207 0.00012207 0.00012207 0.00012207 0.00012207 0.00012207 0.00012207 0.00012207 0.00012207 0.00012207 0.00012207 0.00012207 0.00012207 0.00012207 0.00012207 0.00012207 0.00012207 0.00012207 0.00012207 0.00012207 0.00012207 0.00012207 0.00012207 0.00012207 0.00012207 0.00012207 0.00012207 0.00012207 0.00012207 0.00012207 0.00012207 0.00012207 0.00012207 0.00012207 0.00012207 0.00012207 0.00012207 0.00012207 0.00012207 0.00012207 0.00012207 0.00012207 0.00012207 0.00012207 0.00012207 0.00012207 0.00012207 0.00012207 0.00012207 0.00012207 0.00012207 0.00012207 0.00012207 0.00012207 0.00012207 0.00012207 0.00012207 0.00012207 0.00012207 0.00012207 0.00012207 0.00012207 0.00012207 0.00012207 0.00012207 0.00012207 0.00012207 0.00012207 0.00012207 0.00012207 0.00012207 0.00012207 0.00012207 0.00012207 0 0 0.0411377 0 66891.9 2.68799 -104203 3.97314 0 0 0 0 0 0 0 0 0 0 0 0 0 0 0 0 0 0 0 0 0 0 0 0 0 0 0 0 0 0 0 0 0 0 0 0 0 0 0 0 0 0 0 0 0 0 0 0 0 0 0 0 0 0 0 0 0 0 0 0 0 0 0 0 0 0 0 0 0 0 0 0 0 0 0 0 0.0410156 0 0.00976562 0 0 0 66875.5 2.68799 0.00488281 0 67008.9 2.68799 66892.2 2.68799 67015.9 2.68799 67015.3 2.68799 67010.3 2.68799 62959.7 2.68799 0.0372314 0 0.00195312 0 0 0 0.00012207 0 0 0 -111844 3.97314 0 0 -111844 3.97314 0 0 0 0 0 0 0 0 0 0 0 0 0 0 0 0 0 0 0 0 0 0 0 0 0 0 0 0 0 0 0 0 0 0 0 0 0 0 0 0 0 0 0 0 0 0 0 0 0 0 0 0 0 0 0 0 0 0 0 0 0.0802002 0 67020.9 2.68799 66875.5 2.68799 0.00012207 0.00012207 0.00012207 0.00012207 0.00012207 0.00012207 0.00012207 0.00012207 0.00012207 0.00012207 0.00012207 0.00012207 0.00012207 0.00012207 0.00012207 0.00012207 0.00012207 0.00012207 0.00012207 0.00012207 0.00012207 0.00012207 0.00012207 0.00012207 0.00012207 0.00012207 0.00012207 0.00012207 0.00012207 0.00012207 0.00012207 0.00012207 0.00012207 0.00012207 0.00012207 0.00012207 0.00012207 0.00012207 0.00012207 0.00012207 0.00012207 0.00012207 0.00012207 0.00012207 0.00012207 0.00012207 0.00012207 0.00012207 0.00012207 0.00012207 0.00012207 0.00012207 0.00012207 0.00012207 0.00012207 0.00012207 0.00012207 0.00012207 0.00012207 0.00012207 0.00012207 0.00012207 0.00012207 0.00012207 0.00012207 0.00012207 0.00012207 0.00012207 0.00012207 0.00012207 0.00012207 0.00012207 0.00012207 0.00012207 0.00012207 0.00012207 0.00012207 0.00012207 0.00012207 0.00012207 0.00012207 0.00012207 0.00012207 0.00012207 0.00012207 0.00012207 0.00012207 0.00012207 0.00012207 0.00012207 0.00012207 0.00012207 0.00012207 0.00012207 0.00012207 0.00012207 0.00012207 0.00012207 0.00012207 0.00012207 0.00012207 0.00012207 0.00012207 0.00012207 0.00012207 0.00012207 0.00012207 0.00012207 0.00012207 0.00012207 0.00012207 0.00012207 0.00012207 0.00012207 0.00012207 0.00012207 0.00012207 0.00012207 0.00012207 0.00012207 0.00012207 0.00012207 0.00012207 0.00012207 0.00012207 0.00012207 0.00012207 0.00012207 0.00012207 0.00012207 0.00012207 0.00012207 0.00012207 0.00012207 0.00012207 0.00012207 0.00012207 0.00012207 0.00012207 0.00012207 0.00012207 0.00012207 0.00012207 0.00012207 0.00012207 0.00012207 0.00012207 0.00012207 0.00012207 0.00012207 0.00012207 0.00012207 0.00012207 0.00012207 0.00012207 0.00012207 -104203 3.97314 0.0802002 0 66892.5 2.68799 66875.5 2.68799 2056.03 2056.03 2056.03 2056.03 2056.03 2056.03 2056.03 2056.03 2056.03 2056.03 2056.03 2056.03 2056.03 2056.03 2056.03 2056.03 2056.03 2056.03 2056.03 2056.03 2056.03 2056.03 2056.03 2056.03 2056.03 2056.03 2056.03 2056.03 2056.03 2056.03 2056.03 2056.03 2056.03 2056.03 2056.03 2056.03 2056.03 2056.03 2056.03 2056.03 2056.03 2056.03 2056.03 2056.03 2056.03 2056.03 2056.03 2056.03 2056.03 2056.03 2056.03 2056.03 2056.03 2056.03 2056.03 2056.03 2056.03 2056.03 2056.03 2056.03 2056.03 2056.03 2056.03 2056.03 2056.03 2056.03 2056.03 2056.03 2056.03 2056.03 2056.03 2056.03 2056.03 2056.03 2056.03 2056.03 2056.03 2056.03 2056.03 2056.03 2056.03 2056.03 2056.03 2056.03 2056.03 2056.03 2056.03 2056.03 2056.03 2056.03 2056.03 2056.03 2056.03 2056.03 2056.03 2056.03 2056.03 2056.03 2056.03 2056.03 2056.03 2056.03 2056.03 2056.03 2056.03 2056.03 2056.03 2056.03 2056.03 2056.03 2056.03 2056.03 2056.03 2056.03 2056.03 2056.03 2056.03 2056.03 2056.03 2056.03 2056.03 2056.03 2056.03 2056.03 2056.03 2056.03 2056.03 2056.03 2056.03 2056.03 2056.03 2056.03 2056.03 2056.03 2056.03 2056.03 2056.03 2056.03 2056.03 2056.03 2056.03 2056.03 2056.03 2056.03 2056.03 2056.03 2056.03 2056.03 2056.03 2056.03 2056.03 2056.03 2056.03 2056.03 2056.03 2056.03 0 0 0.0802002 0 67021.1 2.68799 66875.5 2.68799 0 0 0 0 0 0 0 0 0 0 0 0 0 0 0 0 0 0 0 0 0 0 0 0 0 0 0 0 0 0 0 0 0 0 0 0 0 0 0 0 0 0 0 0 0 0 0 0 0 0 0 0 0 0 0 0 0 0 0 0 0 0 0 0 0 0 0 0 0 0 0 0 0 0 0 0 0 0 0 0 0 0 0 0 0 0 0 0 0 0 0 0 0 0 0 0 0 0 0 0 0 0 0 0 0 0 0 0 0 0 0 0 0 0 0 0 0 0 0 0 0 0 0 0 0 0 0 0 0 0 0 0 0 0 0 0 0 0 0 0 0 0 0 0 0 0 0 0 0 0 0 0 0 0 0 0 0 0 0.0235596 0 0 0 66875.5 2.68799 2056.03 2056.03 2056.03 2056.03 2056.03 2056.03 2056.03 2056.03 2056.03 2056.03 2056.03 2056.03 2056.03 2056.03 2056.03 2056.03 2056.03 2056.03 2056.03 2056.03 2056.03 2056.03 2056.03 2056.03 2056.03 2056.03 2056.03 2056.03 2056.03 2056.03 2056.03 2056.03 2056.03 2056.03 2056.03 2056.03 0 0 0 0 0.0234375 0 0.0118408 0 66884.5 2.68799 66875.5 2.68799 100890 111130 104970 111002 0.0012207 0 0 0 0 0 0 0 0 0 0 0 0.0117188 0 8.00208 0 0 0 0 0 0 0 0 0 0 0 0 0 0 0 0 0 0 0 0 0 0 0 0 0 0 0 0 0 0 0 0 0 0 0 0 0 0 0 0 0 0 0 0 0 0 0 0 0 0 0 0 0 0 0 0 0 0 0 0 0 0 0 0 0 0 0 0 0 0 0 0 0 0 0 0 0 0 0 0 0 0 0 0 0 0 0 0 0 0 0 0 0 0 0 0 0 0 0 0 0 0 0 0 0 0 0 0 0 0 0 0 0 0 0 0 0 0 0 0 0 0 0 0 0 0 0 0 0 0 0 0 0 0 0 0 0 0 0 0 0 0 0 0 0 0 0 0 0 0 0 0 0 0 0 0 0 0 0 0 0 0 0 0 0 0 0 0 0 0 0 0 0 0 0 0 0 0 0 0 0 0 0 0 0 0 0 0 0 0 0 0 0 0 0 0 0 0 0 0 0 0 0 0 0 0 0 0 0 0 0 0 0 0 0 0 0 0 0 0 0 0 0 0 0 0 0 0 0 0 0 0 0 0 0 0 0 0 0 0 0 0 0 0 0 0 0 0 0 0 0 0 0 0 0 0 0 0 0 0 0 0 0 0 0 0 0 0 0 0 0 0 0 0 0 0 0 0 0 0 0 0 0 0 0 0 0 0 0 0 0 0 0 0 0 0 0 0 0 0 0 0 0 0 0 0 0 0 0 0 0 0 0 0 0 0 0 0 0 0 0 0 0 0 0 0 0 0 0 0 0 0 0 0 0 0 0 0 0 0 0 0 0 0 0 0 0 0 0 0 0 0 0 0 0 0 0 0 0 0 0 0 0 0 0 0 0 0 0 0 0 0 0 
----------------------------------------------
Wall Clock time for LeNet test: 3.26137 sec
CPU time for LeNet test: 0.616139 sec
----------------------------------------------
----------------------------------------------
Total communication: 37.4198MB (sent) and 37.4198MB (recv)
Total calls: 180 (sends) and 180 (recvs)
----------------------------------------------
----------------------------------------------
Communication, LeNet test, P0: 12.4733MB (sent) 12.4733MB (recv)
Rounds, LeNet test, P0: 60(sends) 60(recvs)
----------------------------------------------
----------------------------------------------
Run details: 3PC (P0), 1 iterations, batch size 16
Running Semi-honest LeNet test on MNIST dataset
----------------------------------------------

----------------------------------------------
(1) CNN Layer		  28 x 28 x 1
			  5 x 5  	(Filter Size)
			  1 , 0 	(Stride, padding)
			  16		(Batch Size)
			  24 x 24 x 20 	(Output)
----------------------------------------------
(2) ReLU Layer		  11520 x 16
----------------------------------------------
(3) Maxpool Layer	  24 x 24 x 20
			  2  		(Pooling Size)
			  2 		(Stride)
			  16		(Batch Size)
----------------------------------------------
(4) CNN Layer		  12 x 12 x 20
			  5 x 5  	(Filter Size)
			  1 , 0 	(Stride, padding)
			  16		(Batch Size)
			  8 x 8 x 50 	(Output)
----------------------------------------------
(5) ReLU Layer		  3200 x 16
----------------------------------------------
(6) Maxpool Layer	  8 x 8 x 50
			  2  		(Pooling Size)
			  2 		(Stride)
			  16		(Batch Size)
----------------------------------------------
(7) FC Layer		  800 x 500
			  16		 (Batch Size)
----------------------------------------------
(8) ReLU Layer		  500 x 16
----------------------------------------------
(9) FC Layer		  500 x 10
			  16		 (Batch Size)
----------------------------------------------
(10) ReLU Layer		  10 x 16
----------------------------------------------
