Loading data done.....
----------------------------------------------
Communication, FC0, P0: 0.032768MB (sent) 0.032768MB (recv)
Rounds, FC0, P0: 1(sends) 1(recvs)
----------------------------------------------
----------------------------------------------
Communication, ReLU1, P0: 0.311296MB (sent) 0.311296MB (recv)
Rounds, ReLU1, P0: 9(sends) 9(recvs)
----------------------------------------------
----------------------------------------------
Communication, FC2, P0: 0.032768MB (sent) 0.032768MB (recv)
Rounds, FC2, P0: 1(sends) 1(recvs)
----------------------------------------------
----------------------------------------------
Communication, ReLU3, P0: 0.311296MB (sent) 0.311296MB (recv)
Rounds, ReLU3, P0: 9(sends) 9(recvs)
----------------------------------------------
----------------------------------------------
Communication, FC4, P0: 0.00256MB (sent) 0.00256MB (recv)
Rounds, FC4, P0: 1(sends) 1(recvs)
----------------------------------------------
----------------------------------------------
Communication, ReLU5, P0: 0.02432MB (sent) 0.02432MB (recv)
Rounds, ReLU5, P0: 9(sends) 9(recvs)
----------------------------------------------
MPC Output over uint32_t:
0.00012207 0.00012207 0.00012207 0.00012207 0.00012207 0.00012207 0.00012207 0.00012207 0.00012207 0.00012207 0.00012207 0.00012207 0.00012207 0.00012207 0.00012207 0.00012207 0.00012207 0.00012207 0.00012207 0.00012207 0.00012207 0.00012207 0.00012207 0.00012207 0.00012207 0.00012207 0.00012207 0.00012207 0.00012207 0.00012207 0.00012207 0.00012207 0.00012207 0.00012207 0.00012207 0.00012207 0.00012207 0.00012207 0.00012207 0.00012207 0.00012207 0.00012207 0.00012207 0.00012207 0.00012207 0.00012207 0.00012207 0.00012207 0.00012207 0.00012207 0.00012207 0.00012207 0.00012207 0.00012207 0.00012207 0.00012207 0.00012207 0.00012207 0.00012207 0.00012207 0.00012207 0.00012207 0.00012207 0.00012207 0.00012207 0.00012207 0.00012207 0.00012207 0.00012207 0.00012207 0.00012207 0.00012207 0.00012207 0.00012207 0.00012207 0.00012207 0.00012207 0.00012207 0.00012207 0.00012207 0.00012207 0.00012207 0.00012207 0.00012207 0.00012207 0.00012207 0.00012207 0.00012207 0.00012207 0.00012207 0.00012207 0.00012207 0.00012207 0.00012207 0.00012207 0.00012207 0.00012207 0.00012207 0.00012207 0.00012207 0.00012207 0.00012207 0.00012207 0.00012207 0.00012207 0.00012207 0.00012207 0.00012207 0.00012207 0.00012207 0.00012207 0.00012207 0.00012207 0.00012207 0.00012207 0.00012207 0.00012207 0.00012207 0.00012207 0.00012207 0.00012207 0.00012207 0.00012207 0.00012207 0.00012207 0.00012207 0.00012207 0.00012207 0.00012207 0.00012207 0.00012207 0.00012207 0.00012207 0.00012207 0.00012207 0.00012207 0.00012207 0.00012207 0.00012207 0.00012207 0.00012207 0.00012207 0.00012207 0.00012207 0.00012207 0.00012207 0.00012207 0.00012207 0.00012207 0.00012207 0.00012207 0.00012207 0.00012207 0.00012207 0.00012207 0.00012207 0.00012207 0.00012207 0.00012207 0.00012207 0.00012207 0.00012207 0.00012207 0.00012207 0.00012207 0.00012207 0.00012207 0.00012207 0.00012207 0.00012207 0.00012207 0.00012207 0.00012207 0.00012207 0.00012207 0.00012207 0.00012207 0.00012207 0.00012207 0.00012207 0.00012207 0.00012207 0.00012207 0.00012207 0.00012207 0.00012207 0.00012207 0.00012207 0.00012207 0.00012207 0.00012207 0.00012207 0.00012207 0.00012207 0.00012207 0.00012207 0.00012207 0.00012207 0.00012207 0.00012207 0.00012207 0.00012207 0.00012207 0.00012207 0.00012207 0.00012207 0.00012207 0.00012207 0.00012207 0.00012207 0.00012207 0.00012207 0.00012207 0.00012207 0.00012207 0.00012207 0.00012207 0.00012207 0.00012207 0.00012207 0.00012207 0.00012207 0.00012207 0.00012207 0.00012207 0.00012207 0.00012207 0.00012207 0.00012207 0.00012207 0.00012207 0.00012207 0.00012207 0.00012207 0.00012207 0.00012207 0.00012207 0.00012207 0.00012207 0.00012207 0.00012207 0.00012207 0.00012207 0.00012207 0.00012207 0.00012207 0.00012207 0.00012207 0.00012207 0.00012207 0.00012207 0.00012207 0.00012207 0.00012207 0.00012207 0.00012207 0.00012207 0.00012207 0.00012207 0.00012207 0.00012207 0.00012207 0.00012207 0.00012207 0.00012207 0.00012207 0.00012207 0.00012207 0.00012207 0.00012207 0.00012207 0.00012207 0.00012207 0.00012207 0.00012207 0.00012207 0.00012207 0.00012207 0.00012207 0.00012207 0.00012207 0.00012207 0.00012207 0.00012207 0.00012207 0.00012207 0.00012207 0.00012207 0.00012207 0.00012207 0.00012207 0.00012207 0.00012207 0.00012207 0.00012207 0.00012207 0.00012207 0.00012207 0.00012207 0.00012207 0.00012207 0.00012207 0.00012207 0.00012207 0.00012207 0.00012207 0.00012207 0.00012207 0.00012207 0.00012207 0.00012207 0.00012207 0.00012207 0.00012207 0.00012207 0.00012207 0.00012207 0.00012207 0.00012207 0.00012207 0.00012207 0.00012207 0.00012207 0.00012207 0.00012207 0.00012207 0.00012207 0.00012207 0.00012207 0.00012207 0.00012207 0.00012207 0.00012207 0.00012207 0.00012207 0.00012207 0.00012207 0.00012207 0.00012207 0.00012207 0.00012207 0.00012207 0.00012207 0.00012207 0.00012207 0.00012207 0.00012207 0.00012207 0.00012207 0.00012207 0.00012207 0.00012207 0.00012207 0.00012207 0.00012207 0.00012207 0.00012207 0.00012207 0.00012207 0.00012207 0.00012207 0.00012207 0.00012207 0.00012207 0.00012207 0.00012207 0.00012207 0.00012207 0.00012207 0.00012207 0.00012207 0.00012207 0.00012207 0.00012207 0.00012207 0.00012207 0.00012207 0.00012207 0.00012207 0.00012207 0.00012207 0.00012207 0.00012207 0.00012207 0.00012207 0.00012207 0.00012207 0.00012207 0.00012207 0.00012207 0.00012207 0.00012207 0.00012207 0.00012207 0.00012207 0.00012207 0.00012207 0.00012207 0.00012207 0.00012207 0.00012207 0.00012207 0.00012207 0.00012207 0.00012207 0.00012207 0.00012207 0.00012207 0.00012207 0.00012207 0.00012207 0.00012207 0.00012207 0.00012207 0.00012207 0.00012207 0.00012207 0.00012207 0.00012207 0.00012207 0.00012207 0.00012207 0.00012207 0.00012207 0.00012207 0.00012207 0.00012207 0.00012207 0.00012207 0.00012207 0.00012207 0.00012207 0.00012207 0.00012207 0.00012207 0.00012207 0.00012207 0.00012207 0.00012207 0.00012207 0.00012207 0.00012207 0.00012207 0.00012207 0.00012207 0.00012207 0.00012207 0.00012207 0.00012207 0.00012207 0.00012207 0.00012207 0.00012207 0.00012207 0.00012207 0.00012207 0.00012207 0.00012207 0.00012207 0.00012207 0.00012207 0.00012207 0.00012207 0.00012207 0.00012207 0.00012207 0.00012207 0.00012207 0.00012207 0.00012207 0.00012207 0.00012207 0.00012207 0.00012207 0.00012207 0.00012207 0.00012207 0.00012207 0.00012207 0.00012207 0.00012207 0.00012207 0.00012207 0.00012207 0.00012207 0.00012207 0.00012207 0.00012207 0.00012207 0.00012207 0.00012207 0.00012207 0.00012207 0.00012207 0.00012207 0.00012207 0.00012207 0.00012207 0.00012207 0.00012207 0.00012207 0.00012207 0.00012207 0.00012207 0.00012207 0.00012207 0.00012207 0.00012207 0.00012207 0.00012207 0.00012207 0.00012207 0.00012207 0.00012207 0.00012207 0.00012207 0.00012207 0.00012207 0.00012207 0.00012207 0.00012207 0.00012207 0.00012207 0.00012207 0.00012207 0.00012207 0.00012207 0.00012207 0.00012207 0.00012207 0.00012207 0.00012207 0.00012207 0.00012207 0.00012207 0.00012207 0.00012207 0.00012207 0.00012207 0.00012207 0.00012207 0.00012207 0.00012207 0.00012207 0.00012207 0.00012207 0.00012207 0.00012207 0.00012207 0.00012207 0.00012207 0.00012207 0.00012207 0.00012207 0.00012207 0.00012207 0.00012207 0.00012207 0.00012207 0.00012207 0.00012207 0.00012207 0.00012207 0.00012207 0.00012207 0.00012207 0.00012207 0.00012207 0.00012207 0.00012207 0.00012207 0.00012207 0.00012207 0.00012207 0.00012207 0.00012207 0.00012207 0.00012207 0.00012207 0.00012207 0.00012207 0.00012207 0.00012207 0.00012207 0.00012207 0.00012207 0.00012207 0.00012207 0.00012207 0.00012207 0.00012207 0.00012207 0.00012207 0.00012207 0.00012207 0.00012207 0.00012207 0.00012207 0.00012207 0.00012207 0.00012207 0.00012207 0.00012207 0.00012207 0.00012207 0.00012207 0.00012207 0.00012207 0.00012207 0.00012207 0.00012207 0.00012207 0.00012207 0.00012207 0.00012207 0.00012207 0.00012207 0.00012207 0.00012207 0.00012207 0.00012207 0.00012207 0.00012207 0.00012207 0.00012207 0.00012207 0.00012207 0.00012207 0.00012207 0.00012207 0.00012207 0.00012207 0.00012207 0.00012207 0.00012207 0.00012207 0.00012207 0.00012207 0.00012207 0.00012207 8.00012 8.00012 0.0645752 0 208115 3.97681 208115 3.97681 8.00012 8.00012 8.00012 8.00012 8.00012 8.00012 8.00012 8.00012 8.00012 8.00012 8.00012 8.00012 8.00012 8.00012 8.00012 8.00012 8.00012 8.00012 8.00012 8.00012 8.00012 8.00012 8.00012 8.00012 208115 3.97681 0.0489502 0 208115 3.97681 208115 3.97681 0.00012207 0 0 0 206892 3.97681 0 0 206892 3.97681 0 0 0 0 0 0 0 0 0 0 0 0 0 0 0 0 0 0 0 0 0 0 0 0 0 0 0 0 0 0 0 0 0 0 0 0 0 0 0 0 0 0 0 0 0 0 0 0 0 0 0 0 0 0 0 0 0 0 0 0 0.0118408 0 208115 3.97681 208115 3.97681 0 0 0 0 0 0 0 0 0 0 0 0 0 0 0 0 0.0644531 0 8.00195 0 0 0 0 0 0 0 0 0 0 0 0 0 0 0 0 0 0 0 0 0 0 0 0 0 0 0 0 0 0 0 0 0 0 0 0 0 0 0 0 0 0 0 0 0 0 0 0 0 0 0 0 0 0 0 0 0 0 0 0 0 0 0 0 0 0 0 0 0 0 0 0 0 0 0 0 0 0 0 0 0 0 0 0 0 0 0 0 0 0 0 0 0 0 0 0 0 0 0 0 0 0 0 0 0 0 0 0 0 0 0 0 0 0 0 0 0 0 0 0 0 0 0 0 0 0 0 0 0 0 0 0 0 0 0 0 0 0 0 0 0 0 0 0 0 0 0 0 0 0 0 0 0 0 0 0 0 0 0 0 0 0 0 0 0 0 0 0 0 0 0 0 0 0 0 0 0 0 0 0 0 0 0 0 0 0 0 0 0 0 0 0 0 0 0 0 0 0 0 0 0 0 0 0 0 0 0 0 0 0 0 0 0 0 0 0 0 0 0 0 0 0 0 0 0 0 0 0 0 0 0 0 0 0 0 0 0 0 0 0 0 0 0 0 0 0 0 0 0 0 0 0 0 0 0 0 0 0 0 0 0 0 0 0 0 0 0 0 0 0 0 0 0 0 0 0 0 0 0 0 0 0 0 0 0 0 0 0 0 0 0 0 0 0 0 0 0 0 0 0 0 0 0 0 0 0 0 0 0 0 0 0 0 0 0 0 0 0 0 0 0 0 0 0 0 0 0 0 0 0 0 0 0 0 0 0 0 0 0 0 0 0 0 0 0 0 0 0 0 0 0 0 0 0 0 0 0 0 0 0 0 0 0 0 0 0 0 0 0 0 0 0 0 0 0 0 0 0 0 0 0 0 0 0 0 0 0 0 0 0 0 0 0 0 0 0 0 0 0 0 0 0 0 0 0 0 0 0 0 0 0 0 0 0 0 0 0 0 0 0 0 0 0 0 0 0 0 0 0 0 0 0 0 0 0 0 0 0 0 0 0 0 0 0 0 0 0 0 0 0 0 0 0 0 0 0 0 0 0 0 0 0 0 0 0 0 0 0 0 0 0 0 0 0 0 0 0 0 0 0 0 0 0 0 0 0 0 0 0 0 0 0 0 0 0 0 0 0 0 0 0 0 0 0 0 
----------------------------------------------
Run details: 3PC (P0), 1 iterations, batch size 64
Running Semi-honest SecureML test on MNIST dataset
----------------------------------------------

----------------------------------------------
(1) FC Layer		  784 x 128
			  64		 (Batch Size)
----------------------------------------------
(2) ReLU Layer		  128 x 64
----------------------------------------------
(3) FC Layer		  128 x 128
			  64		 (Batch Size)
----------------------------------------------
(4) ReLU Layer		  128 x 64
----------------------------------------------
(5) FC Layer		  128 x 10
			  64		 (Batch Size)
----------------------------------------------
(6) ReLU Layer		  10 x 64
----------------------------------------------
