Loading data done.....
----------------------------------------------
Communication, FC0, P0: 0.000512MB (sent) 0.000512MB (recv)
Rounds, FC0, P0: 1(sends) 1(recvs)
----------------------------------------------
----------------------------------------------
Communication, ReLU1, P0: 0.004864MB (sent) 0.004864MB (recv)
Rounds, ReLU1, P0: 9(sends) 9(recvs)
----------------------------------------------
----------------------------------------------
Communication, FC2, P0: 0.000512MB (sent) 0.000512MB (recv)
Rounds, FC2, P0: 1(sends) 1(recvs)
----------------------------------------------
----------------------------------------------
Communication, ReLU3, P0: 0.004864MB (sent) 0.004864MB (recv)
Rounds, ReLU3, P0: 9(sends) 9(recvs)
----------------------------------------------
----------------------------------------------
Communication, FC4, P0: 4e-05MB (sent) 4e-05MB (recv)
Rounds, FC4, P0: 1(sends) 1(recvs)
----------------------------------------------
----------------------------------------------
Communication, ReLU5, P0: 0.00038MB (sent) 0.00038MB (recv)
Rounds, ReLU5, P0: 9(sends) 9(recvs)
----------------------------------------------
MPC Output over uint32_t:
0.00012207 0.00012207 0.00012207 0.00012207 0.00012207 0.00012207 0.00012207 0.00012207 0.00012207 0.00012207 0.00402832 0 128786 2.66687 0 0 0 0 0.0372314 0 0.00195312 0 0 0 0.00012207 0 0 0 -1024.79 3.99475 0 0 -1024.8 3.99475 0 0 0 0 0 0 0 0 0 0 0 0 0 0 0 0 0 0 0 0 0 0 0 0 0 0 0 0 0 0 0 0 0 0 0 0 0 0 0 0 0 0 0 0 0 0 0 0 0 0 0 0 0 0 0 0 0 0 0 0 0.0118408 0 128790 2.66687 128776 2.66687 8.00012 8.00012 8.00012 8.00012 8.00012 8.00012 8.00012 8.00012 8.00012 8.00012 8.00012 8.00012 8.00012 8.00012 8.00012 8.00012 0 0 0.00402832 0 128785 2.66687 128776 2.66687 0 0 0.0216064 0 128787 2.66687 128776 2.66687 2056.03 2056.03 2056.03 2056.03 2056.03 2056.03 2056.03 2056.03 2056.03 2056.03 2056.03 2056.03 2056.03 2056.03 2056.03 2056.03 2056.03 2056.03 2056.03 2056.03 2056.03 2056.03 2056.03 2056.03 2056.03 2056.03 2056.03 2056.03 2056.03 2056.03 2056.03 2056.03 2056.03 2056.03 2056.03 2056.03 0.0371094 0 0.0216064 0 0 0 128776 2.66687 0 0 0 0 0 0 0 0 0 0 0 0 0 0 0 0 0 0 0 0 0 0 0 0 0 0 0 0 0 0 0 0 0 0 0 0 16025.9 3.99487 0.00598145 0 0 0 -49151.7 3.99475 0.000244141 0 -134718 3.99951 124534 2.66687 0.0645752 0 128787 2.66687 128776 2.66687 2056.03 2056.03 2056.03 2056.03 2056.03 2056.03 2056.03 2056.03 2056.03 2056.03 2056.03 2056.03 2056.03 2056.03 2056.03 2056.03 2056.03 2056.03 2056.03 2056.03 2056.03 2056.03 2056.03 2056.03 2056.03 2056.03 2056.03 2056.03 2056.03 2056.03 2056.03 2056.03 2056.03 2056.03 2056.03 2056.03 2056.03 2056.03 2056.03 2056.03 2056.03 2056.03 2056.03 2056.03 2056.03 2056.03 2056.03 2056.03 2056.03 2056.03 2056.03 2056.03 2056.03 2056.03 2056.03 2056.03 2056.03 2056.03 2056.03 2056.03 2056.03 2056.03 2056.03 2056.03 2056.03 2056.03 2056.03 2056.03 2056.03 2056.03 2056.03 2056.03 2056.03 2056.03 2056.03 2056.03 2056.03 2056.03 2056.03 2056.03 2056.03 2056.03 2056.03 2056.03 2056.03 2056.03 2056.03 2056.03 2056.03 2056.03 2056.03 2056.03 2056.03 2056.03 2056.03 2056.03 2056.03 2056.03 2056.03 2056.03 2056.03 2056.03 2056.03 2056.03 2056.03 2056.03 2056.03 2056.03 2056.03 2056.03 2056.03 2056.03 2056.03 2056.03 2056.03 2056.03 2056.03 2056.03 2056.03 2056.03 2056.03 2056.03 2056.03 2056.03 0 0 0.0645752 0 128790 2.66687 128776 2.66687 0 0 0 0 0 0 0 0 0 0 0 0 0 0 0 0 0 0 0 0 0 0 0 0 0 0 0 0 0 0 0 0 0 0 0 0 0 0 0 0 0 0 0 0 0 0 0 0 0 0 0 0 0 0 0 0 0 0 0 0 0 0 0 0 0 0 0 0 0 0 0 0 0 0 0 0 0 0 0 0 0 0 0 0 0 0 0 0 0 0 0 0 0 0 0 0 0 0 0 0 0 0 0 0 0 0 0 0 0 0 0 0 0 0 0 0 0 0 0 0 0 0 0 0 0 0 0.0645752 0 128787 2.66687 128776 2.66687 0.00012207 0.00012207 0.00012207 0.00012207 0.00012207 0.00012207 0.00012207 0.00012207 0.00012207 0.00012207 0.00012207 0.00012207 0.00012207 0.00012207 0.00012207 0.00012207 0.00012207 0.00012207 0.00012207 0.00012207 0.00012207 0.00012207 0.00012207 0.00012207 0.00012207 0.00012207 0.00012207 0.00012207 0.00012207 0.00012207 0.00012207 0.00012207 0.00012207 0.00012207 0.00012207 0.00012207 0.00012207 0.00012207 0.00012207 0.00012207 0.00012207 0.00012207 0.00012207 0.00012207 0.00012207 0.00012207 0.00012207 0.00012207 0.00012207 0.00012207 0.00012207 0.00012207 0.00012207 0.00012207 0.00012207 0.00012207 0.00012207 0.00012207 0.00012207 0.00012207 0.00012207 0.00012207 0.00012207 0.00012207 0.00012207 0.00012207 0.00012207 0.00012207 0.00012207 0.00012207 0.00012207 0.00012207 0.00012207 0.00012207 0.00012207 0.00012207 0.00012207 0.00012207 0.00012207 0.00012207 0.00012207 0.00012207 0.00012207 0.00012207 0.00012207 0.00012207 0.00012207 0.00012207 0.00012207 0.00012207 0.00012207 0.00012207 0.00012207 0.00012207 0.00012207 0.00012207 0.00012207 0.00012207 0.00012207 0.00012207 0.00012207 0.00012207 0.00012207 0.00012207 0.00012207 0.00012207 0.00012207 0.00012207 0.00012207 0.00012207 0.00012207 0.00012207 0.00012207 0.00012207 0.00012207 0.00012207 0.00012207 0.00012207 0.00012207 0.00012207 0.00012207 0.00012207 0.00012207 0.00012207 0 0 0.0645752 0 128787 2.66687 128776 2.66687 0 0 0 0 0 0 0 0 0 0 0 0 0 0 0 0 0 0 0 0 0 0 0 0 0 0 0 0 0 0 0 0 0 0 0 0 0 0 0 0 0 0 0 0 0 0 0 0 0 0 0 0 0 0 0 0 0 0 0 0 0 0 0 0 0 0 0 0 0 0 0 0 0 0 0 0 0 0 0 0 0 0 0 0 0 0 0 0 0 0 0 0 0 0 0 0 0 0 0 0 0 0 0 0 0 0 0 0 0 0 0 0 0 0 0 0 0 0 0 0 0 0 0 0 0 0 0.0645752 0 128790 2.66687 128776 2.66687 0 0 0 0 0 0 0 0 0 0 0 0 0 0 0 0 0 0 0 0 0 0 0 0 0 0 0 0 0 0 0 0 0 0 0 0 0 0 0 0 0 0 0 0 0 0 0 0 0 0 0 0 0 0 0 0 0 0 0 0 0 0 0 0 0 0 0 0 0 0 0 0 0 0 0 0 0 0 0 0 0 0 0 0 0 0 0 0 0 0 0 0 0 0 0 0 0 0 0 0 0 0 0 0 0 0 0 0 0 0 0 0 0 0 0 0 0 0 0 0 0 0 0 0 0 0 0.0391846 0 0 0 128776 2.66687 0.00012207 0 0 0 14802.7 3.99487 0 0 14802.7 3.99487 0 0 0 0 0 0 0 0 0 0 0 0 0 0 0 0 0 0 0 0 0 0 0 0 0 0 0 0 0 0 0 0 0 0 0 0 0 0 0 0 0 0 0 0 0 0 0 0 0 0 0 0 0 0 0 0 0 0 0 0 0 0 0 0 0.0098877 0 128790 2.66687 128776 2.66687 0 0 0 0 0 0 0 0 0 0 0 0 0 0 1.04309 0 16026.1 3.99487 16026.1 3.99487 128787 2.66687 128787 2.66687 0 0 0 0 0 0 0 0 0 0 0 0 0 0 0 0 0 0 0 0 0 0 0 0 0 0 0 0 0 0 0 0 0 0 0 0 0 0 0 0 0 0 0 0 0 0 0 0 0 0 0 0 0 0 0 0 0 0 0 0 0 0 0 0 0 0 0 0 0 0 0 0 0 0 0 0 0 0 0 0 0 0 0 0 0 0 0 0 0 0 0 0 0 0 0 0 0 0 0 0 0 0 0 0 0 0 0 0 0 0 0 0 0 0 0 0 0 0 0 0 0 0 0 0 0 0 0 0 0 0 0 0 0 0 0 0 0 0 0 0 0 0 0 0 0 0 0 0 0 0 0 0 0 0 0 0 0 0 0 0 0 0 0 0 0 0 0 0 0 0 0 0 0 0 0 0 0 0 0 0 0 0 0 0 0 0 0 0 0 0 0 0 0 0 0 0 0 0 0 0 0 0 0 0 0 0 0 0 0 0 0 0 0 0 0 0 0 0 0 0 0 0 0 0 0 0 0 0 0 0 0 0 0 0 0 0 0 0 0 0 0 0 0 0 0 0 0 0 0 0 0 0 0 0 0 0 0 0 0 0 0 0 0 0 0 0 0 0 0 0 0 0 0 0 0 0 0 0 0 0 0 0 0 0 
----------------------------------------------
Run details: 3PC (P0), 1 iterations, batch size 1
Running Semi-honest SecureML test on MNIST dataset
----------------------------------------------

----------------------------------------------
(1) FC Layer		  784 x 128
			  1		 (Batch Size)
----------------------------------------------
(2) ReLU Layer		  128 x 1
----------------------------------------------
(3) FC Layer		  128 x 128
			  1		 (Batch Size)
----------------------------------------------
(4) ReLU Layer		  128 x 1
----------------------------------------------
(5) FC Layer		  128 x 10
			  1		 (Batch Size)
----------------------------------------------
(6) ReLU Layer		  10 x 1
----------------------------------------------
