Loading data done.....
Rows, Common_dim, Columns: 16x25x9216
----------------------------------------------
Communication, CNN0, P0: 0.589824MB (sent) 0.589824MB (recv)
Rounds, CNN0, P0: 1(sends) 1(recvs)
----------------------------------------------
----------------------------------------------
Communication, ReLU1, P0: 5.60333MB (sent) 5.60333MB (recv)
Rounds, ReLU1, P0: 9(sends) 9(recvs)
----------------------------------------------
BMAXPOOL SIZE4
----------------------------------------------
Communication, maxpool2, P0: 0.933888MB (sent) 0.933888MB (recv)
Rounds, maxpool2, P0: 9(sends) 9(recvs)
----------------------------------------------
Rows, Common_dim, Columns: 16x400x1024
----------------------------------------------
Communication, CNN3, P0: 0.065536MB (sent) 0.065536MB (recv)
Rounds, CNN3, P0: 1(sends) 1(recvs)
----------------------------------------------
----------------------------------------------
Communication, ReLU4, P0: 0.622592MB (sent) 0.622592MB (recv)
Rounds, ReLU4, P0: 9(sends) 9(recvs)
----------------------------------------------
BMAXPOOL SIZE4
----------------------------------------------
Communication, maxpool5, P0: 0.155648MB (sent) 0.155648MB (recv)
Rounds, maxpool5, P0: 9(sends) 9(recvs)
----------------------------------------------
Rows, Common_dim, Columns: 16x256x100
----------------------------------------------
Communication, FC6, P0: 0.0064MB (sent) 0.0064MB (recv)
Rounds, FC6, P0: 1(sends) 1(recvs)
----------------------------------------------
----------------------------------------------
Communication, ReLU7, P0: 0.0608MB (sent) 0.0608MB (recv)
Rounds, ReLU7, P0: 9(sends) 9(recvs)
----------------------------------------------
Rows, Common_dim, Columns: 16x100x10
----------------------------------------------
Communication, FC8, P0: 0.00064MB (sent) 0.00064MB (recv)
Rounds, FC8, P0: 1(sends) 1(recvs)
----------------------------------------------
----------------------------------------------
Communication, ReLU9, P0: 0.00608MB (sent) 0.00608MB (recv)
Rounds, ReLU9, P0: 9(sends) 9(recvs)
----------------------------------------------
MPC Output over uint32_t:
0.00012207 0.00012207 0.00012207 0.00012207 0.00012207 0.00012207 0.00012207 0.00012207 0.00012207 0.00012207 0.00012207 0.00012207 0.00012207 0.00012207 0.00012207 0.00012207 0.00012207 0.00012207 0.00012207 0.00012207 0.00012207 0.00012207 0.00012207 0.00012207 0.00012207 0.00012207 0.00012207 0.00012207 0.00012207 0.00012207 0.00012207 0.00012207 0.00012207 0.00012207 0.00012207 0.00012207 0.00012207 0.00012207 0.00012207 0.00012207 0.00012207 0.00012207 0.00012207 0.00012207 0.00012207 0.00012207 0.00012207 0.00012207 0.00012207 0.00012207 0.00012207 0.00012207 0.00012207 0.00012207 0.00012207 0.00012207 0.00012207 0.00012207 0.00012207 0.00012207 0.00012207 0.00012207 0.00012207 0.00012207 0.00012207 0.00012207 0.00012207 0.00012207 0.00012207 0.00012207 0.00012207 0.00012207 0.00012207 0.00012207 0.00012207 0.00012207 0.00012207 0.00012207 0.00012207 0.00012207 0.00012207 0.00012207 0.00012207 0.00012207 0.00012207 0.00012207 0.00012207 0.00012207 0.00012207 0.00012207 0.00012207 0.00012207 0.00012207 0.00012207 0.00012207 0.00012207 0.00012207 0.00012207 0.00012207 0.00012207 0.00012207 0.00012207 0.00012207 0.00012207 0.00012207 0.00012207 0.00012207 0.00012207 0.00012207 0.00012207 0.00012207 0.00012207 0.00012207 0.00012207 0.00012207 0.00012207 0.00012207 0.00012207 0.00012207 0.00012207 0.00012207 0.00012207 0.00012207 0.00012207 0.00012207 0.00012207 0.00012207 0.00012207 0.00012207 0.00012207 0.00012207 0.00012207 0.00012207 0.00012207 0.00012207 0.00012207 0.00012207 0.00012207 0.00012207 0.00012207 0.00012207 0.00012207 0.00012207 0.00012207 0.00012207 0.00012207 0.00012207 0.00012207 0.00012207 0.00012207 0.00012207 0.00012207 0.00012207 0.00012207 0.00012207 0.00012207 0.00012207 0.00012207 0.00012207 0.00012207 0 0 0.0802002 0 234448 2.67139 234372 2.67139 0.00012207 0.00012207 0.00012207 0.00012207 0.00012207 0.00012207 0.00012207 0.00012207 0.00012207 0.00012207 0.00012207 0.00012207 0.00012207 0.00012207 0.00012207 0.00012207 0.00012207 0.00012207 0.00012207 0.00012207 0.00012207 0.00012207 0.00012207 0.00012207 0.00012207 0.00012207 0.00012207 0.00012207 0.00012207 0.00012207 0.00012207 0.00012207 0.00012207 0.00012207 0.00012207 0.00012207 0.00012207 0.00012207 0.00012207 0.00012207 0.00012207 0.00012207 0.00012207 0.00012207 0.00012207 0.00012207 0.00012207 0.00012207 0.00012207 0.00012207 0.00012207 0.00012207 0.00012207 0.00012207 0.00012207 0.00012207 0.00012207 0.00012207 0.00012207 0.00012207 0.00012207 0.00012207 0.00012207 0.00012207 0.00012207 0.00012207 0.00012207 0.00012207 0.00012207 0.00012207 0.00012207 0.00012207 0.00012207 0.00012207 0.00012207 0.00012207 0.00012207 0.00012207 0.00012207 0.00012207 0.00012207 0.00012207 0.00012207 0.00012207 0.00012207 0.00012207 0.00012207 0.00012207 0.00012207 0.00012207 0.00012207 0.00012207 0.00012207 0.00012207 0.00012207 0.00012207 0.00012207 0.00012207 0.00012207 0.00012207 0.00012207 0.00012207 0.00012207 0.00012207 0.00012207 0.00012207 0.00012207 0.00012207 0.00012207 0.00012207 0.00012207 0.00012207 0.00012207 0.00012207 0.00012207 0.00012207 0.00012207 0.00012207 0.00012207 0.00012207 0.00012207 0.00012207 0.00012207 0.00012207 0.00012207 0.00012207 0.00012207 0.00012207 0.00012207 0.00012207 0.00012207 0.00012207 0.00012207 0.00012207 0.00012207 0.00012207 0.00012207 0.00012207 0.00012207 0.00012207 0.00012207 0.00012207 0.00012207 0.00012207 0.00012207 0.00012207 0.00012207 0.00012207 0.00012207 0.00012207 0.00012207 0.00012207 0.00012207 0.00012207 0.00012207 0.00012207 0 0 0.39856 0 147539 3.97693 147539 3.97693 234445 2.67139 234445 2.67139 0 0 0 0 0 0 0 0 0 0 0 0 0 0 0 0 0 0 0 0 0 0 0 0 0 0 0 0 0 0 0 0 0 0 0 0 0 0 0 0 0 0 0 0 0 0 0 0 0 0 0 0 0 0 0 0 0 0 0 0 0 0 0 0 0 0 0 0 0 0 0 0 0.00012207 0.00012207 0.357544 0 234446 2.67139 147539 3.97693 0 0 0 0 8.00012 8.00012 8.00012 8.00012 8.00012 8.00012 8.00012 8.00012 8.00012 8.00012 8.00012 8.00012 8.00012 8.00012 8.00012 8.00012 8.00012 8.00012 8.00012 8.00012 8.00012 8.00012 8.00012 8.00012 8.00012 8.00012 8.00012 8.00012 8.00012 8.00012 8.00012 8.00012 8.00012 8.00012 8.00012 8.00012 8.00012 8.00012 8.00012 8.00012 8.00012 8.00012 8.00012 8.00012 8.00012 8.00012 8.00012 8.00012 8.00012 8.00012 8.00012 8.00012 8.00012 8.00012 8.00012 8.00012 8.00012 8.00012 8.00012 8.00012 8.00012 8.00012 8.00012 8.00012 8.00012 8.00012 8.00012 8.00012 8.00012 8.00012 8.00012 8.00012 0.00012207 0.00012207 0.316528 0 234446 2.67139 147539 3.97693 0 0 0 0 0.00012207 0 0.00012207 0 0.00012207 0 0.00012207 0 0.00012207 0 0.00012207 0 0.00012207 0 0.00012207 0 0.00012207 0 0.00012207 0 0.00012207 0 0.00012207 0 0.00012207 0 0.00012207 0 0.00012207 0 0.00012207 0 0.00012207 0 0.00012207 0 0.00012207 0 0.00012207 0 0.00012207 0 0.00012207 0 0.00012207 0 0.00012207 0 0.00012207 0 0.00012207 0 0.00012207 0 0.00012207 0 0.00012207 0 0.00012207 0 0.00012207 0 0.00012207 0 0.00012207 0 0.00012207 0 0.00012207 0 0.00012207 0 0.00012207 0 0.00012207 0 0.00012207 0 0.00012207 0 0.00012207 0 0.00012207 0 0.00012207 0 0.00012207 0 0.00012207 0 0.00012207 0 0.00012207 0 0.00012207 0 0.00012207 0 0.00012207 0 0.00012207 0 0.00012207 0 0.00012207 0 0.00012207 0 0.00012207 0 0.00012207 0 0.00012207 0 0.00012207 0 0.00012207 0 0.00012207 0 0.00012207 0 0.00012207 0 0.00012207 0 0.00012207 0 0.00012207 0 0.00012207 0 0.00012207 0 0.00012207 0 0.00012207 0 0.00012207 0 0.00012207 0 0.00012207 0 0.00012207 0 0.00012207 0 0.00012207 0 0.00012207 0 0.00012207 0 0.00012207 0 0.00012207 0 0.00012207 0 0.00012207 0 0.00012207 0 0.00012207 0 0.00012207 0 0.00012207 0 0.00012207 0 0.00012207 0 0.00012207 0 0.00012207 0 0.00012207 0 0.00012207 0 0.00012207 0 0.00012207 0 0.00012207 0 0.00012207 0 0.00012207 0 0.00012207 0 0.00012207 0 0.00012207 0 0.00012207 0 0.00012207 0 0.00012207 0 0.00012207 0 0.00012207 0 0.00012207 0 0.00012207 0 0.00012207 0 0.00012207 0 0.00012207 0 0.00012207 0 0.00012207 0 0.00012207 0 0.00012207 0 0.00012207 0 0.00012207 0 0.00012207 0 0.00012207 0 0.00012207 0 0.00012207 0 0.00012207 0 0.00012207 0 0.00012207 0 0.00012207 0 0.00012207 0 0.00012207 0 0.00012207 0 0.00012207 0 0.00012207 0 0.00012207 0 0.00012207 0 0.00012207 0 0.00012207 0 0.00012207 0 0.00012207 0 0.00012207 0 0.00012207 0 0.00012207 0 0.00012207 0 0.00012207 0 0.00012207 0 0.00012207 0 0.00012207 0 0.00012207 0 0.00012207 0 0.00012207 0 0.00012207 0 0.00012207 0 0.00012207 0 0.00012207 0 0.00012207 0 0.00012207 0 0.00012207 0 0.00012207 0 0.00012207 0 0.00012207 0 0.00012207 0 0.00012207 0.00012207 0.158325 0 234446 2.67139 147539 3.97693 0 0 0 0 0 0 0 0 0 0 0 0 0 0 0 0 0 0 0 0 0 0 0 0 0 0 0 0 0 0 0 0 0 0 0 0 0 0 0 0 0 0 0 0 0 0 0 0 0 0 0 0 0 0 0 0 0 0 0 0 0 0 0 0 0 0 0 0 0 0 0 0 0 0 0 0 0 0 0 0 0 0 0 0 0 0 0 0 0 0 0 0 0 0 0 0 0 0 0 0 0 0 0 0 0 0 0 0 0 0 0 0 0 0 0 0 0 0 0 0 0 0 0 0 0 0 0 0 0 0 0 0 0 0 0 0 0 0 0 0 0 0 0 0 0 0 0 0 0 0 0 0 0 0 0 0 0 0 0 0 0 0 0 0 0 0 0 0 0 0 0 0 0 0 0 0 0 0 0 0 0 0 0 0 0 0 0 0 0 0 0 0 0 0 0 0 0 0 0 0 0 0 0 0 0 0 0 0 0 0 0 0 0 0 0 0 0 0 0 0 0 0 0 0 0 0 0 0 0 0 0 0 0 0 0 0 0 0 0 0 0 0 0 0 0 0 0 0 0 0 0 0 0 0 0 0 0 0 0 0 0 0 0 0 0 0 0 0 0 0 0 0 0 0 0 0 0 0 0 0 0 0 0 0 0 0 0 0 0 0 0 0 0 0 0 0 0 0 0 0 0 0 0 0 0 0 0 0 0 0 0 0 0 0 0 0 0.398438 0 0.0410156 0 234447 2.67139 234372 2.67139 0 0 0 0 0 0 0 0 0 0 0 0 0 0 0 0 0 0 0 0 0 0 0 0 0 0 0 0 0 0 0 0 0 0 0 0 0 0 0 0 0 0 0 0 0 0 0 0 0 0 0 0 0 0 0 0 0 0 0 0 0 0 0 0 0 0 0 0 0 0 0 0 0 0 0 0 0.00012207 0.00012207 1.56848 0 147539 3.97693 147539 3.97693 234446 2.67139 234446 2.67139 0 0 0 0 0 0 0 0 0 0 0 0 0 0 0 0 0 0 0 0 0 0 0 0 0 0 0 0 0 0 0 0 0 0 0 0 0 0 0 0 0 0 0 0 
----------------------------------------------
Run details: 3PC (P0), 1 iterations, batch size 16
Running Semi-honest MiniONN test on MNIST dataset
----------------------------------------------

----------------------------------------------
(1) CNN Layer		  28 x 28 x 1
			  5 x 5  	(Filter Size)
			  1 , 0 	(Stride, padding)
			  16		(Batch Size)
			  24 x 24 x 16 	(Output)
----------------------------------------------
(2) ReLU Layer		  9216 x 16
----------------------------------------------
(3) Maxpool Layer	  24 x 16 x 16
			  2  		(Pooling Size)
			  2 		(Stride)
			  16		(Batch Size)
----------------------------------------------
(4) CNN Layer		  12 x 12 x 16
			  5 x 5  	(Filter Size)
			  1 , 0 	(Stride, padding)
			  16		(Batch Size)
			  8 x 8 x 16 	(Output)
----------------------------------------------
(5) ReLU Layer		  1024 x 16
----------------------------------------------
(6) Maxpool Layer	  8 x 8 x 16
			  2  		(Pooling Size)
			  2 		(Stride)
			  16		(Batch Size)
----------------------------------------------
(7) FC Layer		  256 x 100
			  16		 (Batch Size)
----------------------------------------------
(8) ReLU Layer		  100 x 16
----------------------------------------------
(9) FC Layer		  100 x 10
			  16		 (Batch Size)
----------------------------------------------
(10) ReLU Layer		  10 x 16
----------------------------------------------
