Loading data done.....
Rows, Common_dim, Columns: 16x25x576
----------------------------------------------
Communication, CNN0, P0: 0.036864MB (sent) 0.036864MB (recv)
Rounds, CNN0, P0: 1(sends) 1(recvs)
----------------------------------------------
----------------------------------------------
Communication, ReLU1, P0: 0.350208MB (sent) 0.350208MB (recv)
Rounds, ReLU1, P0: 9(sends) 9(recvs)
----------------------------------------------
BMAXPOOL SIZE4
----------------------------------------------
Communication, maxpool2, P0: 0.058368MB (sent) 0.058368MB (recv)
Rounds, maxpool2, P0: 9(sends) 9(recvs)
----------------------------------------------
Rows, Common_dim, Columns: 16x400x64
----------------------------------------------
Communication, CNN3, P0: 0.004096MB (sent) 0.004096MB (recv)
Rounds, CNN3, P0: 1(sends) 1(recvs)
----------------------------------------------
----------------------------------------------
Communication, ReLU4, P0: 0.038912MB (sent) 0.038912MB (recv)
Rounds, ReLU4, P0: 9(sends) 9(recvs)
----------------------------------------------
BMAXPOOL SIZE4
----------------------------------------------
Communication, maxpool5, P0: 0.009728MB (sent) 0.009728MB (recv)
Rounds, maxpool5, P0: 9(sends) 9(recvs)
----------------------------------------------
Rows, Common_dim, Columns: 1x256x100
----------------------------------------------
Communication, FC6, P0: 0.0004MB (sent) 0.0004MB (recv)
Rounds, FC6, P0: 1(sends) 1(recvs)
----------------------------------------------
----------------------------------------------
Communication, ReLU7, P0: 0.0038MB (sent) 0.0038MB (recv)
Rounds, ReLU7, P0: 9(sends) 9(recvs)
----------------------------------------------
Rows, Common_dim, Columns: 1x100x10
----------------------------------------------
Communication, FC8, P0: 4e-05MB (sent) 4e-05MB (recv)
Rounds, FC8, P0: 1(sends) 1(recvs)
----------------------------------------------
----------------------------------------------
Communication, ReLU9, P0: 0.00038MB (sent) 0.00038MB (recv)
Rounds, ReLU9, P0: 9(sends) 9(recvs)
----------------------------------------------
MPC Output over uint32_t:
0.00012207 0.00012207 0.00012207 0.00012207 0.00012207 0.00012207 0.00012207 0.00012207 0.00012207 0.00012207 0.00598145 0 -232698 2.69189 -232707 2.69189 0.00012207 0.00012207 0.00012207 0.00012207 0.00012207 0.00012207 0.0372314 0 -232621 2.69189 -232707 2.69189 0.00012207 0 0 0 -61309.8 3.99255 0 0 -61309.8 3.99255 0 0 0 0 0 0 0 0 0 0 0 0 0 0 0 0 0 0 0 0 0 0 0 0 0 0 0 0 0 0 0 0 0 0 0 0 0 0 0 0 0 0 0 0 0 0 0 0 0 0 0 0 0 0 0 0 0 0 0 0 0.00402832 0 -232621 2.69189 0 0 0 0 0.00598145 0 0 0 -232707 2.69189 0.00012207 0 -22086.9 3.99976 -235089 2.69189 0.0372314 0 -232621 2.69189 -232707 2.69189 0.00012207 0 0 0 -62334.3 3.99255 0 0 -62334.3 3.99255 0 0 0 0 0 0 0 0 0 0 0 0 0 0 0 0 0 0 0 0 0 0 0 0 0 0 0 0 0 0 0 0 0 0 0 0 0 0 0 0 0 0 0 0 0 0 0 0 0 0 0 0 0 0 0 0 0 0 0 0 0.00402832 0 0 0 0 0 0 0 0.0372314 0 -232621 2.69189 -232707 2.69189 0.00012207 0 0 0 -63603.3 3.99255 0 0 -63603.3 3.99255 0 0 0 0 0 0 0 0 0 0 0 0 0 0 0 0 0 0 0 0 0 0 0 0 0 0 0 0 0 0 0 0 0 0 0 0 0 0 0 0 0 0 0 0 0 0 0 0 0 0 0 0 0 0 0 0 0 0 0 0 0.00402832 0 0 0 0 0 0 0 0.00598145 0 66074.5 230308 227588 66451.2 238451 238330 0.00708008 0 0 0 0.0372314 0 -232621 2.69189 -232707 2.69189 0.00012207 0 0 0 -73728.3 3.99255 0 0 -73728.3 3.99255 0 0 0 0 0 0 0 0 0 0 0 0 0 0 0 0 0 0 0 0 0 0 0 0 0 0 0 0 0 0 0 0 0 0 0 0 0 0 0 0 0 0 0 0 0 0 0 0 0 0 0 0 0 0 0 0 0 0 0 0 0.0509033 0 -232619 2.69189 -232707 2.69189 2056.03 2056.03 2056.03 2056.03 2056.03 2056.03 2056.03 2056.03 2056.03 2056.03 2056.03 2056.03 2056.03 2056.03 2056.03 2056.03 2056.03 2056.03 2056.03 2056.03 2056.03 2056.03 2056.03 2056.03 2056.03 2056.03 2056.03 2056.03 2056.03 2056.03 2056.03 2056.03 2056.03 2056.03 2056.03 2056.03 2056.03 2056.03 2056.03 2056.03 2056.03 2056.03 2056.03 2056.03 2056.03 2056.03 2056.03 2056.03 2056.03 2056.03 2056.03 2056.03 2056.03 2056.03 2056.03 2056.03 2056.03 2056.03 2056.03 2056.03 2056.03 2056.03 2056.03 2056.03 2056.03 2056.03 2056.03 2056.03 2056.03 2056.03 2056.03 2056.03 2056.03 2056.03 2056.03 2056.03 2056.03 2056.03 2056.03 2056.03 2056.03 2056.03 2056.03 2056.03 2056.03 2056.03 2056.03 2056.03 2056.03 2056.03 2056.03 2056.03 2056.03 2056.03 2056.03 2056.03 8.00012 8.00012 0.0216064 0 -232618 2.69189 -232707 2.69189 8.00012 8.00012 8.00012 8.00012 8.00012 8.00012 8.00012 8.00012 8.00012 8.00012 8.00012 8.00012 8.00012 8.00012 8.00012 8.00012 8.00012 8.00012 8.00012 8.00012 8.00012 8.00012 8.00012 8.00012 8.00012 8.00012 8.00012 8.00012 8.00012 8.00012 8.00012 8.00012 8.00012 8.00012 8.00012 8.00012 0 0 0.0118408 0 -232605 2.69189 -232707 2.69189 8.00012 8.00012 8.00012 8.00012 8.00012 8.00012 8.00012 8.00012 8.00012 8.00012 8.00012 8.00012 8.00012 8.00012 8.00012 8.00012 0 0 0.00402832 0 -232619 2.69189 -232707 2.69189 0 0 0.00598145 0 0 0 -98303.7 3.99255 0.00012207 0 -22086.9 3.99976 -235089 2.69189 0.0177002 0 0 0 -232707 2.69189 -232621 2.69189 -232621 2.69189 -232621 2.69189 -232621 2.69189 -232620 2.69189 -232620 2.69189 -232620 2.69189 -232620 2.69189 -232620 2.69189 -232620 2.69189 0 0 0 0 0 0 0 0 0 0 0.0098877 0 0 0 -98303.7 3.99255 0.000732422 0 -232619 2.69189 -232621 2.69189 -232605 2.69189 -232605 2.69189 -232606 2.69189 -235096 2.69189 0.0372314 0 0.00195312 0 0 0 0.00012207 0 0 0 -63114.3 3.99255 0 0 -63114.3 3.99255 0 0 0 0 0 0 0 0 0 0 0 0 0 0 0 0 0 0 0 0 0 0 0 0 0 0 0 0 0 0 0 0 0 0 0 0 0 0 0 0 0 0 0 0 0 0 0 0 0 0 0 0 0 0 0 0 0 0 0 0 0.0372314 0 0.00195312 0 0 0 0.00012207 0 0 0 -64138.8 3.99255 0 0 -64138.8 3.99255 0 0 0 0 0 0 0 0 0 0 0 0 0 0 0 0 0 0 0 0 0 0 0 0 0 0 0 0 0 0 0 0 0 0 0 0 0 0 0 0 0 0 0 0 0 0 0 0 0 0 0 0 0 0 0 0 0 0 0 0 0.00598145 0 -232607 2.69189 -232707 2.69189 0.00012207 0 -22087.1 3.99976 -235089 2.69189 0.00402832 0 -232607 2.69189 0 0 0 0 0.0157471 0 0 0 -232707 2.69189 -232605 2.69189 -232620 2.69189 -232620 2.69189 -232620 2.69189 -232620 2.69189 -232620 2.69189 -232620 2.69189 -232621 2.69189 -232621 2.69189 -232621 2.69189 -232619 2.69189 -232619 2.69189 -232619 2.69189 0.0372314 0 0.00195312 0 0 0 0.00012207 0 0 0 -73728.3 3.99255 0 0 -73728.3 3.99255 0 0 0 0 0 0 0 0 0 0 0 0 0 0 0 0 0 0 0 0 0 0 0 0 0 0 0 0 0 0 0 0 0 0 0 0 0 0 0 0 0 0 0 0 0 0 0 0 0 0 0 0 0 0 0 0 0 0 0 0 0.943481 0 -56768.4 3.99255 -56768.4 3.99255 -232620 2.69189 -232620 2.69189 0 0 0 0 0 0 0 0 0 0 0 0 0 0 0 0 0 0 0 0 0 0 0 0 0 0 0 0 0 0 0 0 0 0 0 0 0 0 0 0 0 0 0 0 0 0 0 0 0 0 0 0 0 0 0 0 0 0 0 0 0 0 0 0 0 0 0 0 0 0 0 0 0 0 0 0 0 0 0 0 0 0 0 0 0 0 0 0 0 0 0 0 0 0 0 0 0 0 0 0 0 0 0 0 0 0 0 0 0 0 0 0 0 0 0 0 0 0 0 0 0 0 0 0 0 0 0 0 0 0 0 0 0 0 0 0 0 0 0 0 0 0 0 0 0 0 0 0 0 0 0 0 0 0 0 0 0 0 0 0 0 0 0 0 0 0 0 0 0 0 0 0 0 0 0 0 0 0 0 0 0 0 0 0 0 0 0 0 0 0 0 0 0 0 0 0 0 0 0 0 0 0 0 0 0 0 0 0 0 0 0 0 0 0 0 0 0 0 0 0 0 0 0 0 0 0 0 0 0 0 0 0 0 0 0 0 0 0 0 0 0 0 0 0 0 0 0 0 0 0 0 0 0 0 0 0 0 0 0 0 0 0 0 0 0 0 0 0 0 0 0 0 0 0 0 0 0 0 0 0 0 0 0 0 0 0 0 0 0 0 0 0 0 0 0 0 0 0 0 0 0 0 0 0 0 0 0 0 0 0 0 0 0 0 0 0 0 0 0 0 0 0 0 0 0 0 0 0 0 0 0 0 0 0 0 0 0 0 0 0 0 0 0 0 0 0 0 0 0 0 0 0 0 0 0 0 0 0 0 0 0 0 0 0 0 0 0 0 
----------------------------------------------
Run details: 3PC (P0), 1 iterations, batch size 1
Running Semi-honest MiniONN test on MNIST dataset
----------------------------------------------

----------------------------------------------
(1) CNN Layer		  28 x 28 x 1
			  5 x 5  	(Filter Size)
			  1 , 0 	(Stride, padding)
			  1		(Batch Size)
			  24 x 24 x 16 	(Output)
----------------------------------------------
(2) ReLU Layer		  9216 x 1
----------------------------------------------
(3) Maxpool Layer	  24 x 16 x 16
			  2  		(Pooling Size)
			  2 		(Stride)
			  1		(Batch Size)
----------------------------------------------
(4) CNN Layer		  12 x 12 x 16
			  5 x 5  	(Filter Size)
			  1 , 0 	(Stride, padding)
			  1		(Batch Size)
			  8 x 8 x 16 	(Output)
----------------------------------------------
(5) ReLU Layer		  1024 x 1
----------------------------------------------
(6) Maxpool Layer	  8 x 8 x 16
			  2  		(Pooling Size)
			  2 		(Stride)
			  1		(Batch Size)
----------------------------------------------
(7) FC Layer		  256 x 100
			  1		 (Batch Size)
----------------------------------------------
(8) ReLU Layer		  100 x 1
----------------------------------------------
(9) FC Layer		  100 x 10
			  1		 (Batch Size)
----------------------------------------------
(10) ReLU Layer		  10 x 1
----------------------------------------------
