Loading data done.....
Rows, Common_dim, Columns: 20x25x576
----------------------------------------------
Communication, CNN0, P0: 0.04608MB (sent) 0.04608MB (recv)
Rounds, CNN0, P0: 1(sends) 1(recvs)
----------------------------------------------
----------------------------------------------
Communication, ReLU1, P0: 0.43776MB (sent) 0.43776MB (recv)
Rounds, ReLU1, P0: 9(sends) 9(recvs)
----------------------------------------------
BMAXPOOL SIZE: 4
----------------------------------------------
Communication, maxpool2, P0: 0.10944MB (sent) 0.10944MB (recv)
Rounds, maxpool2, P0: 9(sends) 9(recvs)
----------------------------------------------
Rows, Common_dim, Columns: 50x500x64
----------------------------------------------
Communication, CNN3, P0: 0.0128MB (sent) 0.0128MB (recv)
Rounds, CNN3, P0: 1(sends) 1(recvs)
----------------------------------------------
----------------------------------------------
Communication, ReLU4, P0: 0.1216MB (sent) 0.1216MB (recv)
Rounds, ReLU4, P0: 9(sends) 9(recvs)
----------------------------------------------
BMAXPOOL SIZE: 4
----------------------------------------------
Communication, maxpool5, P0: 0.0304MB (sent) 0.0304MB (recv)
Rounds, maxpool5, P0: 9(sends) 9(recvs)
----------------------------------------------
Rows, Common_dim, Columns: 1x800x500
----------------------------------------------
Communication, FC6, P0: 0.002MB (sent) 0.002MB (recv)
Rounds, FC6, P0: 1(sends) 1(recvs)
----------------------------------------------
----------------------------------------------
Communication, ReLU7, P0: 0.019MB (sent) 0.019MB (recv)
Rounds, ReLU7, P0: 9(sends) 9(recvs)
----------------------------------------------
Rows, Common_dim, Columns: 1x500x10
----------------------------------------------
Communication, FC8, P0: 4e-05MB (sent) 4e-05MB (recv)
Rounds, FC8, P0: 1(sends) 1(recvs)
----------------------------------------------
----------------------------------------------
Communication, ReLU9, P0: 0.00038MB (sent) 0.00038MB (recv)
Rounds, ReLU9, P0: 9(sends) 9(recvs)
----------------------------------------------
MPC Output over uint32_t:
0.00012207 0.00012207 0.00012207 0.00012207 0.00012207 0.00012207 0.00012207 0.00012207 0.00012207 0.00012207 0.00598145 0 -210755 2.66663 -81919.7 3.974 0.000244141 0 26730.1 3.99963 -212561 2.66663 0.0372314 0 -210755 2.66663 -210784 2.66663 0.00012207 0 0 0 -69500.8 3.974 0 0 -69500.8 3.974 0 0 0 0 0 0 0 0 0 0 0 0 0 0 0 0 0 0 0 0 0 0 0 0 0 0 0 0 0 0 0 0 0 0 0 0 0 0 0 0 0 0 0 0 0 0 0 0 0 0 0 0 0 0 0 0 0 0 0 0 0.00402832 0 -210755 2.66663 0 0 0 0 0.00598145 0 -210775 2.66663 -210784 2.66663 0 0 0 0 0 0 0.0372314 0 -210755 2.66663 -210784 2.66663 0.00012207 0 0 0 -70525.3 3.974 0 0 -70525.3 3.974 0 0 0 0 0 0 0 0 0 0 0 0 0 0 0 0 0 0 0 0 0 0 0 0 0 0 0 0 0 0 0 0 0 0 0 0 0 0 0 0 0 0 0 0 0 0 0 0 0 0 0 0 0 0 0 0 0 0 0 0 0.00402832 0 0 0 0 0 0 0 0.0372314 0 -210755 2.66663 -210784 2.66663 0.00012207 0 0 0 -71794.3 3.974 0 0 -71794.3 3.974 0 0 0 0 0 0 0 0 0 0 0 0 0 0 0 0 0 0 0 0 0 0 0 0 0 0 0 0 0 0 0 0 0 0 0 0 0 0 0 0 0 0 0 0 0 0 0 0 0 0 0 0 0 0 0 0 0 0 0 0 0.00402832 0 0 0 0 0 0 0 0.00598145 0 66074.5 230308 227588 66451.2 238451 238330 0.00708008 0 0 0 0.0372314 0 -210755 2.66663 -210784 2.66663 0.00012207 0 0 0 -81920.3 3.974 0 0 -81920.3 3.974 0 0 0 0 0 0 0 0 0 0 0 0 0 0 0 0 0 0 0 0 0 0 0 0 0 0 0 0 0 0 0 0 0 0 0 0 0 0 0 0 0 0 0 0 0 0 0 0 0 0 0 0 0 0 0 0 0 0 0 0 0.0118408 0 -210755 2.66663 -210784 2.66663 0 0 0 0 0 0 0 0 0 0 0 0 0 0 0 0 0 0 0.0118408 0 -210673 2.66663 -210784 2.66663 0 0 0 0 0 0 0 0 0 0 0 0 0 0 0 0 0 0 0.0098877 0 0 0 -81919.7 3.974 0.000610352 0 -210672 2.66663 -210775 2.66663 -210672 2.66663 -210672 2.66663 -210672 2.66663 -212568 2.66663 0.0372314 0 0.00195312 0 0 0 0.00012207 0 0 0 -81920.3 3.974 0 0 -81920.3 3.974 0 0 0 0 0 0 0 0 0 0 0 0 0 0 0 0 0 0 0 0 0 0 0 0 0 0 0 0 0 0 0 0 0 0 0 0 0 0 0 0 0 0 0 0 0 0 0 0 0 0 0 0 0 0 0 0 0 0 0 0 0.00402832 0 -210673 2.66663 -210784 2.66663 0.00390625 0 0.0118408 0 -210755 2.66663 -210784 2.66663 0 0 0 0 0 0 0 0 0 0 0 0 0 0 0 0 -210767 2.66663 0.00793457 0 0 0 -210784 2.66663 230347 201025 84891.6 224153 172899 66347.5 238411 0.00500488 0.0078125 0 0.0177002 0 0 0 -210784 2.66663 -210755 2.66663 -210755 2.66663 -210755 2.66663 -210755 2.66663 -210755 2.66663 -210755 2.66663 -210755 2.66663 -210755 2.66663 -210755 2.66663 -210767 2.66663 0 0 0 0 0 0 0 0 0 0 0.00598145 0 0 0 -81919.7 3.974 0.00012207 0 26730.1 3.99963 -212561 2.66663 0.00402832 0 -210672 2.66663 0 0 0.00390625 0 0.0372314 0 0.00195312 0 0 0 0.00012207 0 0 0 -70280.8 3.974 0 0 -70280.8 3.974 0 0 0 0 0 0 0 0 0 0 0 0 0 0 0 0 0 0 0 0 0 0 0 0 0 0 0 0 0 0 0 0 0 0 0 0 0 0 0 0 0 0 0 0 0 0 0 0 0 0 0 0 0 0 0 0 0 0 0 0 0.0157471 0 0 0 -210784 2.66663 -210672 2.66663 -210673 2.66663 -210673 2.66663 -210673 2.66663 -210673 2.66663 -210673 2.66663 -210673 2.66663 -210755 2.66663 -210755 2.66663 -210755 2.66663 -210672 2.66663 -210672 2.66663 -210672 2.66663 0.00402832 0 -210767 2.66663 0 0 0 0 8.00208 0 0 0 0 0 0 0 0 0 0 0 0 0 0 0 0 0 0 0 0 0 0 0 0 0 0 0 0 0 0 0 0 0 0 0 0 0 0 0 0 0 0 0 0 0 0 0 0 0 0 0 0 0 0 0 0 0 0 0 0 0 0 0 0 0 0 0 0 0 0 0 0 0 0 0 0 0 0 0 0 0 0 0 0 0 0 0 0 0 0 0 0 0 0 0 0 0 0 0 0 0 0 0 0 0 0 0 0 0 0 0 0 0 0 0 0 0 0 0 0 0 0 0 0 0 0 0 0 0 0 0 0 0 0 0 0 0 0 0 0 0 0 0 0 0 0 0 0 0 0 0 0 0 0 0 0 0 0 0 0 0 0 0 0 0 0 0 0 0 0 0 0 0 0 0 0 0 0 0 0 0 0 0 0 0 0 0 0 0 0 0 0 0 0 0 0 0 0 0 0 0 0 0 0 0 0 0 0 0 0 0 0 0 0 0 0 0 0 0 0 0 0 0 0 0 0 0 0 0 0 0 0 0 0 0 0 0 0 0 0 0 0 0 0 0 0 0 0 0 0 0 0 0 0 0 0 0 0 0 0 0 0 0 0 0 0 0 0 0 0 0 0 0 0 0 0 0 0 0 0 0 0 0 0 0 0 0 0 0 0 0 0 0 0 0 0 0 0 0 0 0 0 0 0 0 0 0 0 0 0 0 0 0 0 0 0 0 0 0 0 0 0 0 0 0 0 0 0 0 0 0 0 0 0 0 0 0 0 0 0 0 0 0 0 0 0 0 0 0 0 0 0 0 0 0 0 0 0 0 0 0 0 0 0 0 0 0 0 0 0 0 0 0 0 0 0 0 0 0 0 0 0 0 0 0 0 0 0 0 0 0 0 0 0 0 0 0 0 0 0 0 0 0 0 0 0 0 0 0 0 0 0 0 0 0 0 0 0 0 0 0 0 0 0 0 0 0 0 0 0 0 0 0 0 0 0 0 0 0 0 0 0 0 0 0 0 0 0 0 0 0 0 0 0 0 0 0 0 0 0 0 0 0 0 0 0 0 0 0 0 0 0 0 0 0 0 0 0 0 0 0 0 0 0 0 0 0 0 0 0 0 0 0 0 0 0 0 0 0 0 0 0 0 0 0 0 0 0 0 0 0 0 0 0 0 0 0 0 0 0 0 0 0 0 0 0 0 0 0 0 0 0 0 0 0 0 0 0 0 0 0 
----------------------------------------------
Run details: 3PC (P0), 1 iterations, batch size 1
Running Semi-honest LeNet test on MNIST dataset
----------------------------------------------

----------------------------------------------
(1) CNN Layer		  28 x 28 x 1
			  5 x 5  	(Filter Size)
			  1 , 0 	(Stride, padding)
			  1		(Batch Size)
			  24 x 24 x 20 	(Output)
----------------------------------------------
(2) ReLU Layer		  11520 x 1
----------------------------------------------
(3) Maxpool Layer	  24 x 24 x 20
			  2  		(Pooling Size)
			  2 		(Stride)
			  1		(Batch Size)
----------------------------------------------
(4) CNN Layer		  12 x 12 x 20
			  5 x 5  	(Filter Size)
			  1 , 0 	(Stride, padding)
			  1		(Batch Size)
			  8 x 8 x 50 	(Output)
----------------------------------------------
(5) ReLU Layer		  3200 x 1
----------------------------------------------
(6) Maxpool Layer	  8 x 8 x 50
			  2  		(Pooling Size)
			  2 		(Stride)
			  1		(Batch Size)
----------------------------------------------
(7) FC Layer		  800 x 500
			  1		 (Batch Size)
----------------------------------------------
(8) ReLU Layer		  500 x 1
----------------------------------------------
(9) FC Layer		  500 x 10
			  1		 (Batch Size)
----------------------------------------------
(10) ReLU Layer		  10 x 1
----------------------------------------------
