Loading data done.....
Rows, Common_dim, Columns: 20x25x9216
----------------------------------------------
Communication, CNN0, P0: 0.73728MB (sent) 0.73728MB (recv)
Rounds, CNN0, P0: 1(sends) 1(recvs)
----------------------------------------------
----------------------------------------------
Communication, ReLU1, P0: 7.00416MB (sent) 7.00416MB (recv)
Rounds, ReLU1, P0: 9(sends) 9(recvs)
----------------------------------------------
BMAXPOOL SIZE: 4
----------------------------------------------
Communication, maxpool2, P0: 1.75104MB (sent) 1.75104MB (recv)
Rounds, maxpool2, P0: 9(sends) 9(recvs)
----------------------------------------------
Rows, Common_dim, Columns: 50x500x1024
----------------------------------------------
Communication, CNN3, P0: 0.2048MB (sent) 0.2048MB (recv)
Rounds, CNN3, P0: 1(sends) 1(recvs)
----------------------------------------------
----------------------------------------------
Communication, ReLU4, P0: 1.9456MB (sent) 1.9456MB (recv)
Rounds, ReLU4, P0: 9(sends) 9(recvs)
----------------------------------------------
BMAXPOOL SIZE: 4
----------------------------------------------
Communication, maxpool5, P0: 0.4864MB (sent) 0.4864MB (recv)
Rounds, maxpool5, P0: 9(sends) 9(recvs)
----------------------------------------------
Rows, Common_dim, Columns: 16x800x500
----------------------------------------------
Communication, FC6, P0: 0.032MB (sent) 0.032MB (recv)
Rounds, FC6, P0: 1(sends) 1(recvs)
----------------------------------------------
----------------------------------------------
Communication, ReLU7, P0: 0.304MB (sent) 0.304MB (recv)
Rounds, ReLU7, P0: 9(sends) 9(recvs)
----------------------------------------------
Rows, Common_dim, Columns: 16x500x10
----------------------------------------------
Communication, FC8, P0: 0.00064MB (sent) 0.00064MB (recv)
Rounds, FC8, P0: 1(sends) 1(recvs)
----------------------------------------------
----------------------------------------------
Communication, ReLU9, P0: 0.00608MB (sent) 0.00608MB (recv)
Rounds, ReLU9, P0: 9(sends) 9(recvs)
----------------------------------------------
MPC Output over uint32_t:
0.00012207 0.00012207 0.00012207 0.00012207 0.00012207 0.00012207 0.00012207 0.00012207 0.00012207 0.00012207 0.00012207 0.00012207 0.00012207 0.00012207 0.00012207 0.00012207 0.00012207 0.00012207 0.00012207 0.00012207 0.00012207 0.00012207 0.00012207 0.00012207 0.00012207 0.00012207 0.00012207 0.00012207 0.00012207 0.00012207 0.00012207 0.00012207 0.00012207 0.00012207 0.00012207 0.00012207 0.00012207 0.00012207 0.00012207 0.00012207 0.00012207 0.00012207 0.00012207 0.00012207 0.00012207 0.00012207 0.00012207 0.00012207 0.00012207 0.00012207 0.00012207 0.00012207 0.00012207 0.00012207 0.00012207 0.00012207 0.00012207 0.00012207 0.00012207 0.00012207 0.00012207 0.00012207 0.00012207 0.00012207 0.00012207 0.00012207 0.00012207 0.00012207 0.00012207 0.00012207 0.00012207 0.00012207 0.00012207 0.00012207 0.00012207 0.00012207 0.00012207 0.00012207 0.00012207 0.00012207 0.00012207 0.00012207 0.00012207 0.00012207 0.00012207 0.00012207 0.00012207 0.00012207 0.00012207 0.00012207 0.00012207 0.00012207 0.00012207 0.00012207 0.00012207 0.00012207 0.00012207 0.00012207 0.00012207 0.00012207 0.00012207 0.00012207 0.00012207 0.00012207 0.00012207 0.00012207 0.00012207 0.00012207 0.00012207 0.00012207 0.00012207 0.00012207 0.00012207 0.00012207 0.00012207 0.00012207 0.00012207 0.00012207 0.00012207 0.00012207 0.00012207 0.00012207 0.00012207 0.00012207 0.00012207 0.00012207 0.00012207 0.00012207 0.00012207 0.00012207 0.00012207 0.00012207 0.00012207 0.00012207 0.00012207 0.00012207 0.00012207 0.00012207 0.00012207 0.00012207 0.00012207 0.00012207 0.00012207 0.00012207 0.00012207 0.00012207 0.00012207 0.00012207 0.00012207 0.00012207 0.00012207 0.00012207 0.00012207 0.00012207 0.00012207 0.00012207 0.00012207 0.00012207 0.00012207 0.00012207 -104179 2.69141 0.0411377 0 -104404 2.69141 114411 3.98975 0 0 0 0 0 0 0 0 0 0 0 0 0 0 0 0 0 0 0 0 0 0 0 0 0 0 0 0 0 0 0 0 0 0 0 0 0 0 0 0 0 0 0 0 0 0 0 0 0 0 0 0 0 0 0 0 0 0 0 0 0 0 0 0 0 0 0 0 0 0 0 0 0 0 0 0 0.0410156 0 0.00976562 0 0 0 -104420 2.69141 0.00732422 2.69141 -104287 2.69141 -104403 2.69141 -104280 2.69141 -104280 2.69141 -104285 2.69141 -106923 2.69141 0.0372314 0 0.00195312 0 0 0 0.00012207 0 0 0 98303.7 3.98975 0 0 98303.7 3.98975 0 0 0 0 0 0 0 0 0 0 0 0 0 0 0 0 0 0 0 0 0 0 0 0 0 0 0 0 0 0 0 0 0 0 0 0 0 0 0 0 0 0 0 0 0 0 0 0 0 0 0 0 0 0 0 0 0 0 0 0 0.0802002 0 -104275 2.69141 -104420 2.69141 0.00012207 0.00012207 0.00012207 0.00012207 0.00012207 0.00012207 0.00012207 0.00012207 0.00012207 0.00012207 0.00012207 0.00012207 0.00012207 0.00012207 0.00012207 0.00012207 0.00012207 0.00012207 0.00012207 0.00012207 0.00012207 0.00012207 0.00012207 0.00012207 0.00012207 0.00012207 0.00012207 0.00012207 0.00012207 0.00012207 0.00012207 0.00012207 0.00012207 0.00012207 0.00012207 0.00012207 0.00012207 0.00012207 0.00012207 0.00012207 0.00012207 0.00012207 0.00012207 0.00012207 0.00012207 0.00012207 0.00012207 0.00012207 0.00012207 0.00012207 0.00012207 0.00012207 0.00012207 0.00012207 0.00012207 0.00012207 0.00012207 0.00012207 0.00012207 0.00012207 0.00012207 0.00012207 0.00012207 0.00012207 0.00012207 0.00012207 0.00012207 0.00012207 0.00012207 0.00012207 0.00012207 0.00012207 0.00012207 0.00012207 0.00012207 0.00012207 0.00012207 0.00012207 0.00012207 0.00012207 0.00012207 0.00012207 0.00012207 0.00012207 0.00012207 0.00012207 0.00012207 0.00012207 0.00012207 0.00012207 0.00012207 0.00012207 0.00012207 0.00012207 0.00012207 0.00012207 0.00012207 0.00012207 0.00012207 0.00012207 0.00012207 0.00012207 0.00012207 0.00012207 0.00012207 0.00012207 0.00012207 0.00012207 0.00012207 0.00012207 0.00012207 0.00012207 0.00012207 0.00012207 0.00012207 0.00012207 0.00012207 0.00012207 0.00012207 0.00012207 0.00012207 0.00012207 0.00012207 0.00012207 0.00012207 0.00012207 0.00012207 0.00012207 0.00012207 0.00012207 0.00012207 0.00012207 0.00012207 0.00012207 0.00012207 0.00012207 0.00012207 0.00012207 0.00012207 0.00012207 0.00012207 0.00012207 0.00012207 0.00012207 0.00012207 0.00012207 0.00012207 0.00012207 0.00012207 0.00012207 0.00012207 0.00012207 0.00012207 0.00012207 0.00012207 0.00012207 0 0 0.0802002 0 -104403 2.69141 -104420 2.69141 2056.03 2056.03 2056.03 2056.03 2056.03 2056.03 2056.03 2056.03 2056.03 2056.03 2056.03 2056.03 2056.03 2056.03 2056.03 2056.03 2056.03 2056.03 2056.03 2056.03 2056.03 2056.03 2056.03 2056.03 2056.03 2056.03 2056.03 2056.03 2056.03 2056.03 2056.03 2056.03 2056.03 2056.03 2056.03 2056.03 2056.03 2056.03 2056.03 2056.03 2056.03 2056.03 2056.03 2056.03 2056.03 2056.03 2056.03 2056.03 2056.03 2056.03 2056.03 2056.03 2056.03 2056.03 2056.03 2056.03 2056.03 2056.03 2056.03 2056.03 2056.03 2056.03 2056.03 2056.03 2056.03 2056.03 2056.03 2056.03 2056.03 2056.03 2056.03 2056.03 2056.03 2056.03 2056.03 2056.03 2056.03 2056.03 2056.03 2056.03 2056.03 2056.03 2056.03 2056.03 2056.03 2056.03 2056.03 2056.03 2056.03 2056.03 2056.03 2056.03 2056.03 2056.03 2056.03 2056.03 2056.03 2056.03 2056.03 2056.03 2056.03 2056.03 2056.03 2056.03 2056.03 2056.03 2056.03 2056.03 2056.03 2056.03 2056.03 2056.03 2056.03 2056.03 2056.03 2056.03 2056.03 2056.03 2056.03 2056.03 2056.03 2056.03 2056.03 2056.03 2056.03 2056.03 2056.03 2056.03 2056.03 2056.03 2056.03 2056.03 2056.03 2056.03 2056.03 2056.03 2056.03 2056.03 2056.03 2056.03 2056.03 2056.03 2056.03 2056.03 2056.03 2056.03 2056.03 2056.03 2056.03 2056.03 2056.03 2056.03 2056.03 2056.03 2056.03 2056.03 0 0 0.0802002 0 -104274 2.69141 -104420 2.69141 0 0 0 0 0 0 0 0 0 0 0 0 0 0 0 0 0 0 0 0 0 0 0 0 0 0 0 0 0 0 0 0 0 0 0 0 0 0 0 0 0 0 0 0 0 0 0 0 0 0 0 0 0 0 0 0 0 0 0 0 0 0 0 0 0 0 0 0 0 0 0 0 0 0 0 0 0 0 0 0 0 0 0 0 0 0 0 0 0 0 0 0 0 0 0 0 0 0 0 0 0 0 0 0 0 0 0 0 0 0 0 0 0 0 0 0 0 0 0 0 0 0 0 0 0 0 0 0 0 0 0 0 0 0 0 0 0 0 0 0 0 0 0 0 0 0 0 0 0 0 0 0 0 0 0 0 0 0 0.0216064 0 -104285 2.69141 -104420 2.69141 2056.03 2056.03 2056.03 2056.03 2056.03 2056.03 2056.03 2056.03 2056.03 2056.03 2056.03 2056.03 2056.03 2056.03 2056.03 2056.03 2056.03 2056.03 2056.03 2056.03 2056.03 2056.03 2056.03 2056.03 2056.03 2056.03 2056.03 2056.03 2056.03 2056.03 2056.03 2056.03 2056.03 2056.03 2056.03 2056.03 0 0 0.0137939 0 114411 3.98975 114411 3.98975 0 0 0 0 0 0 0 0 0 0 0 0 0 0 0 0 0 0 0 0 0.0136719 0 0.0117188 0 -104411 2.69141 -104420 2.69141 100890 111130 104970 111002 0.0012207 0 0 0 0 0 0 0 0 0 0 0 0.0117188 0 8.00208 0 0 0 0 0 0 0 0 0 0 0 0 0 0 0 0 0 0 0 0 0 0 0 0 0 0 0 0 0 0 0 0 0 0 0 0 0 0 0 0 0 0 0 0 0 0 0 0 0 0 0 0 0 0 0 0 0 0 0 0 0 0 0 0 0 0 0 0 0 0 0 0 0 0 0 0 0 0 0 0 0 0 0 0 0 0 0 0 0 0 0 0 0 0 0 0 0 0 0 0 0 0 0 0 0 0 0 0 0 0 0 0 0 0 0 0 0 0 0 0 0 0 0 0 0 0 0 0 0 0 0 0 0 0 0 0 0 0 0 0 0 0 0 0 0 0 0 0 0 0 0 0 0 0 0 0 0 0 0 0 0 0 0 0 0 0 0 0 0 0 0 0 0 0 0 0 0 0 0 0 0 0 0 0 0 0 0 0 0 0 0 0 0 0 0 0 0 0 0 0 0 0 0 0 0 0 0 0 0 0 0 0 0 0 0 0 0 0 0 0 0 0 0 0 0 0 0 0 0 0 0 0 0 0 0 0 0 0 0 0 0 0 0 0 0 0 0 0 0 0 0 0 0 0 0 0 0 0 0 0 0 0 0 0 0 0 0 0 0 0 0 0 0 0 0 0 0 0 0 0 0 0 0 0 0 0 0 0 0 0 0 0 0 0 0 0 0 0 0 0 0 0 0 0 0 0 0 0 0 0 0 0 0 0 0 0 0 0 0 0 0 0 0 0 0 0 0 0 0 0 0 0 0 0 0 0 0 0 0 0 0 0 0 0 0 0 0 0 0 
----------------------------------------------
Run details: 3PC (P0), 1 iterations, batch size 16
Running Semi-honest LeNet test on MNIST dataset
----------------------------------------------

----------------------------------------------
(1) CNN Layer		  28 x 28 x 1
			  5 x 5  	(Filter Size)
			  1 , 0 	(Stride, padding)
			  16		(Batch Size)
			  24 x 24 x 20 	(Output)
----------------------------------------------
(2) ReLU Layer		  11520 x 16
----------------------------------------------
(3) Maxpool Layer	  24 x 24 x 20
			  2  		(Pooling Size)
			  2 		(Stride)
			  16		(Batch Size)
----------------------------------------------
(4) CNN Layer		  12 x 12 x 20
			  5 x 5  	(Filter Size)
			  1 , 0 	(Stride, padding)
			  16		(Batch Size)
			  8 x 8 x 50 	(Output)
----------------------------------------------
(5) ReLU Layer		  3200 x 16
----------------------------------------------
(6) Maxpool Layer	  8 x 8 x 50
			  2  		(Pooling Size)
			  2 		(Stride)
			  16		(Batch Size)
----------------------------------------------
(7) FC Layer		  800 x 500
			  16		 (Batch Size)
----------------------------------------------
(8) ReLU Layer		  500 x 16
----------------------------------------------
(9) FC Layer		  500 x 10
			  16		 (Batch Size)
----------------------------------------------
(10) ReLU Layer		  10 x 16
----------------------------------------------
